0 0.152109 0.824583 0.010677 0.019537
0 0.848906 0.500833 0.009688 0.015556
0 0.953281 0.200463 0.009583 0.015370
0 0.896797 0.576296 0.008906 0.016111
0 0.175286 0.271435 0.013802 0.021759
0 0.648281 0.430417 0.012708 0.026759
0 0.496797 0.641991 0.013177 0.023056
0 0.291927 0.817130 0.013021 0.021667
0 0.316536 0.429769 0.011823 0.018981
0 0.338672 0.747222 0.013177 0.022407
0 0.773724 0.626852 0.014115 0.022778
0 0.975964 0.229583 0.007969 0.015648
0 0.629922 0.158519 0.007448 0.019444
0 0.577891 0.368704 0.011094 0.021852
0 0.593828 0.346667 0.011198 0.015556
0 0.509453 0.438796 0.010573 0.021111
0 0.613255 0.582269 0.012865 0.024537
0 0.565755 0.706157 0.007135 0.012685
0 0.089297 0.338935 0.010052 0.021574
0 0.241563 0.825278 0.013021 0.021852
0 0.985312 0.242500 0.010104 0.017963
0 0.046302 0.479074 0.011979 0.020185
0 0.889505 0.577824 0.009323 0.016759
0 0.227005 0.823519 0.014010 0.023889
0 0.471667 0.469722 0.011979 0.021296
0 0.739583 0.628056 0.015313 0.024444
0 0.306068 0.504213 0.008177 0.015093
0 0.967969 0.232731 0.009583 0.016574
0 0.162318 0.465556 0.014323 0.024444
0 0.807292 0.477454 0.012396 0.019722
0 0.329896 0.422037 0.009375 0.015741
0 0.271224 0.696574 0.011510 0.019815
0 0.934115 0.663287 0.012604 0.021204
0 0.602578 0.572917 0.013698 0.022685
0 0.688385 0.789028 0.012812 0.019907
0 0.910391 0.587824 0.011094 0.017500
0 0.978698 0.452778 0.012500 0.020185
0 0.682083 0.688056 0.012187 0.022778
0 0.188776 0.280185 0.013594 0.023704
0 0.643672 0.462639 0.015677 0.027130
0 0.483568 0.715000 0.013385 0.022593
0 0.227708 0.544815 0.015000 0.025000
0 0.503880 0.143009 0.013281 0.021574
0 0.320599 0.474074 0.008594 0.013704
0 0.593490 0.378102 0.013021 0.025833
0 0.237214 0.839167 0.013802 0.022963
0 0.315208 0.447546 0.012813 0.017500
0 0.520312 0.267917 0.014583 0.024167
0 0.296901 0.834537 0.013281 0.023704
0 0.039323 0.449352 0.012396 0.019815
0 0.882786 0.468657 0.011094 0.017130
0 0.754479 0.395093 0.014792 0.024630
0 0.210208 0.287083 0.012917 0.020833
0 0.062396 0.235324 0.012812 0.018611
0 0.047188 0.874815 0.015000 0.025556
0 0.279609 0.658611 0.013385 0.022778
0 0.310703 0.485231 0.008698 0.014722
0 0.994818 0.463935 0.011198 0.022500
0 0.488099 0.208796 0.011823 0.022593
0 0.499219 0.199630 0.012604 0.021296
0 0.489323 0.419583 0.012812 0.023426
0 0.985313 0.221157 0.013125 0.021389
0 0.899427 0.434444 0.013021 0.020370
0 0.899531 0.462778 0.010521 0.017593
0 0.759974 0.326389 0.010677 0.018704
0 0.073099 0.240787 0.013385 0.018981
0 0.324219 0.436759 0.009896 0.015370
0 0.237031 0.407269 0.010625 0.018426
0 0.591432 0.360231 0.014115 0.025833
0 0.267109 0.824676 0.013906 0.024167
0 0.944583 0.199213 0.009688 0.015463
