0 0.433565 0.566484 0.020463 0.011615
0 0.263009 0.690000 0.030463 0.019687
0 0.567269 0.518464 0.022315 0.012448
0 0.344444 0.553411 0.027037 0.016823
0 0.143472 0.200599 0.023426 0.013698
0 0.013565 0.287005 0.027870 0.019219
0 0.024306 0.682526 0.026389 0.019010
0 0.561528 0.498307 0.030833 0.015781
0 0.593657 0.519115 0.025463 0.014583
0 0.566389 0.469297 0.032593 0.018698
0 0.523148 0.368802 0.031481 0.017396
0 0.377315 0.478698 0.035000 0.019792
0 0.322130 0.589219 0.025741 0.017396
0 0.251157 0.740313 0.029167 0.015521
0 0.506204 0.381927 0.026481 0.015208
0 0.253657 0.711927 0.033981 0.020104
0 0.335694 0.650807 0.034907 0.020990
0 0.019491 0.409609 0.034167 0.018802
0 0.202917 0.739818 0.028796 0.016198
0 0.543194 0.383672 0.029722 0.015677
0 0.317963 0.542969 0.031481 0.017083
0 0.324907 0.488880 0.036667 0.021094
0 0.542593 0.565990 0.024074 0.012917
0 0.259676 0.242786 0.031759 0.018490
0 0.593704 0.484271 0.029259 0.016979
0 0.497963 0.590703 0.024259 0.013594
0 0.484583 0.343880 0.033056 0.018385
0 0.059907 0.232682 0.025741 0.014010
0 0.202778 0.714010 0.032037 0.019687
0 0.166111 0.453906 0.030370 0.017396
0 0.217361 0.730781 0.029537 0.017083
0 0.051852 0.586693 0.026481 0.014115
0 0.017222 0.559688 0.028333 0.017188
0 0.462685 0.282865 0.025926 0.014479
0 0.119630 0.525312 0.030370 0.017917
0 0.307731 0.649740 0.024167 0.013125
0 0.466806 0.396042 0.031574 0.010000
0 0.102593 0.661849 0.024815 0.012552
0 0.422315 0.300833 0.021111 0.011563
0 0.015509 0.728854 0.029907 0.016875
0 0.350324 0.586875 0.023056 0.013646
0 0.389306 0.437031 0.028981 0.017188
0 0.013565 0.500755 0.026759 0.014635
0 0.500463 0.616250 0.019444 0.010000
