0 0.990694 0.159740 0.018611 0.030625
0 0.988056 0.500000 0.023889 0.025104
0 0.758935 0.462083 0.036019 0.019167
0 0.360370 0.470234 0.038148 0.022135
0 0.831204 0.584401 0.039630 0.023281
0 0.933935 0.294401 0.035278 0.019115
0 0.886157 0.627630 0.028426 0.016302
0 0.965046 0.475443 0.039537 0.023177
0 0.836667 0.560078 0.035370 0.022760
0 0.869028 0.557734 0.046389 0.026719
0 0.875139 0.577734 0.044167 0.022760
0 0.419676 0.566432 0.031759 0.017865
0 0.875000 0.612109 0.033889 0.020885
0 0.762639 0.414115 0.041944 0.023021
0 0.798519 0.567240 0.038704 0.023229
0 0.718287 0.431667 0.042130 0.023021
0 0.928935 0.248698 0.039352 0.023854
0 0.926296 0.284844 0.042037 0.024479
0 0.879537 0.108437 0.052407 0.032917
0 0.965833 0.623802 0.046481 0.024167
0 0.968472 0.166276 0.049352 0.031823
0 0.914722 0.556771 0.048704 0.027813
0 0.993889 0.722318 0.013333 0.026615
2 0.297639 0.663177 0.055093 0.026979
