0 0.471343 0.512005 0.041759 0.023385
0 0.146713 0.793854 0.040463 0.023542
0 0.418009 0.720078 0.035648 0.019844
0 0.124769 0.760365 0.039537 0.021979
0 0.233194 0.877969 0.043611 0.024271
0 0.069491 0.039141 0.068241 0.035677
0 0.096667 0.514219 0.042222 0.025208
0 0.106204 0.828854 0.036111 0.020208
0 0.169537 0.766458 0.047222 0.027500
0 0.145093 0.914687 0.037037 0.022500
0 0.992269 0.570885 0.015463 0.022917
0 0.229120 0.086354 0.041759 0.024375
0 0.971574 0.455365 0.041481 0.022708
0 0.458704 0.809141 0.044259 0.026510
0 0.218981 0.324323 0.049074 0.030208
0 0.297361 0.880443 0.046389 0.026302
0 0.216713 0.788724 0.033426 0.018385
0 0.458194 0.532187 0.041204 0.022708
