0 0.570391 0.617176 0.009219 0.018611
0 0.856016 0.332963 0.013385 0.024259
0 0.843828 0.679861 0.016615 0.024537
0 0.860417 0.602639 0.017292 0.030833
0 0.824323 0.490000 0.015208 0.026111
0 0.827526 0.604861 0.016510 0.027130
0 0.957187 0.605093 0.014792 0.023519
0 0.315208 0.514815 0.012813 0.021111
0 0.381302 0.746157 0.012813 0.023796
0 0.265417 0.540556 0.015417 0.027593
0 0.153385 0.722500 0.011875 0.020185
0 0.889896 0.581806 0.018021 0.029537
0 0.972708 0.882685 0.015417 0.024259
0 0.560208 0.638657 0.012917 0.021389
0 0.245026 0.609907 0.013802 0.023333
0 0.226927 0.392731 0.015625 0.026944
0 0.835234 0.505093 0.014323 0.025370
0 0.338802 0.558843 0.013021 0.021204
0 0.470625 0.791343 0.012813 0.022500
0 0.942396 0.358704 0.020521 0.032222
0 0.304922 0.466296 0.013698 0.023333
0 0.559870 0.513426 0.010781 0.019444
0 0.343620 0.708148 0.013802 0.023519
0 0.362578 0.681435 0.013698 0.023241
0 0.428281 0.764167 0.010208 0.019815
0 0.197109 0.666944 0.011823 0.021111
0 0.875833 0.454259 0.017917 0.027963
0 0.275234 0.485648 0.014219 0.024444
0 0.233021 0.803056 0.012604 0.022593
0 0.548568 0.467361 0.010781 0.019167
0 0.325990 0.453102 0.012708 0.023981
0 0.860417 0.848333 0.012604 0.018519
0 0.380781 0.677963 0.011979 0.021481
0 0.249609 0.812315 0.013698 0.023333
0 0.895885 0.767407 0.014896 0.025000
0 0.406302 0.428611 0.012187 0.020370
0 0.814505 0.590278 0.013698 0.020370
0 0.778281 0.785324 0.010312 0.018981
0 0.349609 0.528611 0.013490 0.023519
0 0.348229 0.788843 0.012708 0.023056
0 0.475495 0.847778 0.011094 0.021667
0 0.274531 0.422361 0.015625 0.026204
0 0.316068 0.584815 0.010885 0.020000
0 0.849609 0.669769 0.016615 0.025093
0 0.960573 0.300324 0.016875 0.026019
0 0.792708 0.762546 0.012292 0.023426
0 0.809375 0.499583 0.014896 0.024722
0 0.880885 0.265509 0.015313 0.023796
0 0.832708 0.706250 0.012500 0.023241
0 0.844792 0.526296 0.018021 0.030370
0 0.292995 0.413519 0.014323 0.025556
0 0.871302 0.588102 0.017813 0.029537
0 0.927891 0.686759 0.014010 0.026111
0 0.781667 0.753796 0.011875 0.022778
0 0.507083 0.839722 0.012187 0.022778
0 0.292786 0.493981 0.014219 0.024630
0 0.809714 0.771713 0.011198 0.019537
0 0.170391 0.603935 0.011615 0.022500
0 0.307995 0.425231 0.013698 0.023426
0 0.257969 0.798657 0.012187 0.019537
0 0.367031 0.764861 0.012813 0.020833
0 0.838437 0.449028 0.015104 0.023426
0 0.174505 0.744074 0.011615 0.019630
0 0.250911 0.584213 0.010781 0.021944
0 0.997474 0.717361 0.005781 0.026574
0 0.456302 0.640880 0.009792 0.018241
0 0.134010 0.421574 0.009896 0.019630
0 0.789870 0.641991 0.008385 0.016204
0 0.412578 0.753333 0.011094 0.022222
0 0.769271 0.615463 0.009375 0.015556
0 0.215443 0.702778 0.009740 0.017593
0 0.333854 0.733241 0.011354 0.019259
0 0.283099 0.504676 0.011927 0.020648
0 0.220911 0.453194 0.010573 0.018241
0 0.827448 0.779676 0.010000 0.016574
0 0.404115 0.444120 0.012292 0.020093
0 0.160677 0.715556 0.012500 0.020926
0 0.240000 0.529537 0.014583 0.024630
0 0.800677 0.595139 0.012188 0.020093
0 0.141302 0.713750 0.012708 0.020833
0 0.286380 0.790046 0.013802 0.022130
0 0.432214 0.746528 0.010885 0.020093
0 0.289870 0.470093 0.013385 0.023889
0 0.224219 0.772315 0.012500 0.020741
0 0.261484 0.571528 0.013490 0.023981
0 0.490990 0.834491 0.012396 0.021944
0 0.313698 0.463889 0.009479 0.020000
0 0.866901 0.289861 0.014115 0.023981
0 0.499714 0.584306 0.011823 0.023611
0 0.217891 0.460463 0.012240 0.023148
0 0.562005 0.617963 0.011615 0.021111
0 0.883021 0.761991 0.013021 0.022685
0 0.766406 0.626944 0.009896 0.017037
0 0.406797 0.796250 0.011198 0.022315
0 0.244271 0.798102 0.011875 0.020278
0 0.992682 0.090000 0.015677 0.027037
0 0.430885 0.616806 0.012292 0.020278
0 0.308229 0.792407 0.013125 0.025000
0 0.323906 0.821296 0.011979 0.021667
0 0.452708 0.677407 0.010313 0.019815
0 0.755078 0.803889 0.010990 0.021481
0 0.858073 0.836019 0.012188 0.019815
0 0.320286 0.401296 0.011719 0.021296
0 0.241432 0.585231 0.014323 0.024907
0 0.541927 0.516250 0.010417 0.018981
