0 0.944297 0.699769 0.011302 0.018981
0 0.466484 0.661806 0.008906 0.023056
0 0.474583 0.624213 0.009479 0.021204
0 0.443594 0.739722 0.010417 0.017593
0 0.541120 0.488704 0.011615 0.022963
0 0.991198 0.557500 0.009688 0.016111
0 0.993698 0.628333 0.010312 0.019630
0 0.781094 0.805370 0.012708 0.022222
0 0.529505 0.620648 0.010885 0.018333
0 0.940104 0.608565 0.009583 0.016944
0 0.638490 0.774120 0.013021 0.021944
0 0.398021 0.731528 0.010313 0.021019
0 0.518802 0.771204 0.014375 0.022963
0 0.408906 0.421389 0.011875 0.024259
0 0.682214 0.570556 0.010990 0.017593
0 0.510625 0.456806 0.013021 0.022870
0 0.414688 0.722870 0.010208 0.021481
0 0.534115 0.477130 0.013021 0.022778
0 0.538307 0.605833 0.013177 0.022593
0 0.661771 0.729352 0.012292 0.020370
0 0.527604 0.802361 0.012500 0.022315
0 0.506901 0.781250 0.014219 0.021759
0 0.411771 0.754722 0.011875 0.020185
0 0.539531 0.796481 0.012917 0.024444
0 0.659401 0.667454 0.009010 0.015833
0 0.594896 0.417083 0.012917 0.024167
0 0.500521 0.667083 0.012604 0.021944
0 0.527135 0.526111 0.010625 0.022222
0 0.750208 0.763796 0.012396 0.021296
0 0.385026 0.724537 0.011615 0.021481
0 0.674036 0.601389 0.008177 0.016296
0 0.631615 0.694583 0.008958 0.023056
0 0.727135 0.790185 0.008333 0.021111
0 0.522161 0.786991 0.008802 0.014537
0 0.942812 0.730000 0.011042 0.020000
0 0.463906 0.607037 0.016146 0.025741
0 0.527214 0.449769 0.012552 0.021389
0 0.502214 0.683148 0.010469 0.015926
0 0.755182 0.452500 0.010990 0.018519
0 0.799479 0.613519 0.011979 0.019630
0 0.586094 0.782500 0.012812 0.022222
0 0.625911 0.458889 0.013177 0.023519
0 0.607682 0.462546 0.013385 0.023241
0 0.585625 0.523611 0.013021 0.025370
0 0.626224 0.405926 0.014115 0.023889
0 0.628984 0.418704 0.013490 0.020926
0 0.808490 0.592963 0.013125 0.021481
0 0.639792 0.446481 0.012708 0.022963
0 0.460130 0.703796 0.011615 0.020556
0 0.604688 0.811065 0.012083 0.019537
0 0.763594 0.496759 0.010521 0.016667
0 0.602370 0.782269 0.013281 0.024167
0 0.437318 0.598426 0.013698 0.023889
0 0.566406 0.386250 0.015208 0.025278
0 0.656901 0.418519 0.011406 0.019074
0 0.921693 0.589074 0.008385 0.015556
0 0.646797 0.432407 0.011823 0.019815
0 0.755026 0.816296 0.011823 0.021111
0 0.955703 0.705417 0.010885 0.019537
0 0.446589 0.728981 0.010885 0.020185
0 0.599115 0.550324 0.012917 0.021574
0 0.738594 0.766944 0.012083 0.019259
0 0.550078 0.808102 0.013698 0.024167
0 0.933099 0.600648 0.008698 0.016111
0 0.595703 0.518472 0.011406 0.021019
0 0.769896 0.803796 0.010312 0.018333
0 0.582865 0.566389 0.011979 0.024630
0 0.667760 0.665046 0.008125 0.016019
0 0.420469 0.747917 0.009583 0.018241
0 0.920000 0.578333 0.008021 0.013704
0 0.599115 0.483981 0.012188 0.026296
0 0.406328 0.724491 0.009323 0.021389
