0 0.906111 0.679115 0.029259 0.016979
0 0.322269 0.566536 0.047130 0.026510
0 0.681574 0.717031 0.028889 0.018125
0 0.263148 0.632318 0.043333 0.023906
0 0.706806 0.700078 0.036759 0.020781
0 0.895926 0.697760 0.035926 0.019583
0 0.562083 0.544687 0.035833 0.019271
0 0.289676 0.664375 0.038981 0.022917
0 0.202546 0.583906 0.039907 0.024167
0 0.103380 0.433932 0.028426 0.016198
0 0.480046 0.489323 0.031574 0.017708
0 0.696389 0.722969 0.035185 0.020729
0 0.079074 0.445677 0.031111 0.017708
0 0.386713 0.695365 0.029167 0.018646
0 0.827685 0.487552 0.025370 0.015104
0 0.797315 0.495078 0.022778 0.012031
0 0.401713 0.525521 0.031389 0.018021
0 0.668750 0.484245 0.027315 0.015781
0 0.447824 0.535000 0.031204 0.017396
0 0.592500 0.536432 0.028519 0.016406
0 0.534306 0.596745 0.027870 0.017552
0 0.566019 0.522057 0.039259 0.021406
0 0.846296 0.510859 0.026852 0.014635
