0 0.386759 0.688307 0.028889 0.016302
0 0.921204 0.560286 0.024444 0.013385
0 0.118657 0.620885 0.023426 0.012917
0 0.044722 0.370182 0.031481 0.016406
0 0.426204 0.700625 0.027593 0.015625
0 0.067176 0.559297 0.033426 0.015990
0 0.049120 0.551693 0.031019 0.015885
0 0.350880 0.527500 0.030093 0.017083
0 0.923056 0.484609 0.024074 0.011823
0 0.450926 0.694505 0.025000 0.014323
0 0.961019 0.560104 0.027963 0.014688
0 0.989907 0.371328 0.020926 0.011406
0 0.540972 0.376406 0.027500 0.015208
0 0.448333 0.536198 0.035556 0.017708
0 0.273009 0.324531 0.037500 0.020313
0 0.239537 0.528776 0.033333 0.018385
0 0.516944 0.495000 0.029259 0.017292
0 0.129398 0.609297 0.023426 0.013385
0 0.494074 0.400312 0.033333 0.016979
0 0.178380 0.480521 0.034722 0.019896
0 0.136389 0.501120 0.032222 0.019010
0 0.130231 0.547734 0.024907 0.014323
0 0.370926 0.641979 0.025926 0.014583
0 0.544213 0.440990 0.025463 0.014375
0 0.238565 0.464818 0.024167 0.013490
0 0.260694 0.332292 0.035278 0.019479
0 0.021852 0.285156 0.023889 0.013958
0 0.959583 0.591016 0.024907 0.011719
0 0.936574 0.491068 0.019259 0.011198
0 0.038056 0.234375 0.026296 0.012917
0 0.923472 0.389948 0.022315 0.011771
0 0.184583 0.580391 0.031944 0.017552
0 0.941157 0.479714 0.024537 0.013281
0 0.506806 0.509922 0.027130 0.013906
0 0.939167 0.385703 0.022222 0.011510
0 0.524954 0.440208 0.021204 0.013021
0 0.981991 0.595729 0.024167 0.011771
0 0.082222 0.288307 0.034815 0.016615
0 0.196250 0.220130 0.023981 0.012969
0 0.071944 0.304557 0.031296 0.017135
0 0.428380 0.566068 0.029907 0.016510
0 0.488148 0.511094 0.023333 0.013021
