0 0.930000 0.744769 0.014792 0.026389
0 0.462318 0.813704 0.014219 0.026111
0 0.989167 0.249398 0.021979 0.035833
0 0.093828 0.454815 0.021615 0.030741
0 0.434115 0.808750 0.014479 0.028056
0 0.776589 0.497407 0.013385 0.025000
0 0.747917 0.732500 0.014896 0.024630
0 0.457318 0.674583 0.016823 0.033796
0 0.758698 0.497407 0.015313 0.028333
0 0.731823 0.549398 0.012500 0.021204
0 0.082708 0.402361 0.018021 0.030278
0 0.705208 0.190741 0.012708 0.021111
0 0.854766 0.738194 0.013281 0.022500
0 0.690495 0.315046 0.011302 0.017500
0 0.740625 0.539722 0.013021 0.023333
0 0.776380 0.682222 0.015677 0.032407
0 0.906276 0.604306 0.012656 0.022130
0 0.736745 0.200000 0.012031 0.016481
0 0.903073 0.216481 0.018021 0.027037
0 0.738516 0.153796 0.012344 0.017593
0 0.683177 0.242546 0.013958 0.019352
0 0.754766 0.666343 0.012865 0.023611
0 0.759531 0.698333 0.016771 0.030741
0 0.716276 0.179815 0.013385 0.022407
0 0.305599 0.742222 0.013802 0.024259
0 0.914583 0.581991 0.015417 0.023056
0 0.681016 0.182407 0.011510 0.022407
0 0.706562 0.218611 0.011875 0.019815
0 0.710208 0.583565 0.009896 0.019907
0 0.716510 0.543750 0.012812 0.020463
0 0.790599 0.491204 0.013906 0.022778
0 0.229896 0.696713 0.012708 0.021389
0 0.266094 0.203472 0.014896 0.027130
0 0.921719 0.699491 0.014688 0.025833
0 0.259479 0.828796 0.014792 0.027593
0 0.851719 0.565509 0.012604 0.018796
0 0.158698 0.757778 0.015104 0.025741
0 0.481589 0.623056 0.014219 0.029259
0 0.700469 0.579537 0.009479 0.018704
0 0.005781 0.104167 0.011875 0.026111
0 0.663516 0.379630 0.008906 0.015741
0 0.395521 0.704676 0.013021 0.023241
1 0.296875 0.886852 0.017292 0.032593
0 0.680964 0.510972 0.013177 0.025278
0 0.701823 0.212361 0.013125 0.021759
0 0.174297 0.752731 0.018594 0.031204
0 0.243203 0.834583 0.016302 0.029537
0 0.419271 0.804583 0.017188 0.031019
0 0.864193 0.410324 0.015781 0.028241
0 0.236589 0.612963 0.021510 0.035000
0 0.091016 0.364213 0.021719 0.038611
0 0.216276 0.761065 0.018385 0.031574
0 0.934922 0.797685 0.019323 0.030926
0 0.108099 0.384491 0.021823 0.037685
0 0.898776 0.103148 0.018281 0.029815
0 0.246016 0.820324 0.016719 0.027500
1 0.139089 0.823194 0.012865 0.022870
0 0.885208 0.609167 0.014583 0.029074
0 0.746979 0.229722 0.012708 0.024074
1 0.147292 0.833935 0.014792 0.025648
1 0.111042 0.823519 0.013229 0.020741
0 0.481745 0.754444 0.009948 0.021111
0 0.208229 0.453102 0.017708 0.033611
0 0.063880 0.334306 0.021510 0.034722
0 0.277214 0.892870 0.016823 0.027407
0 0.909010 0.238796 0.020208 0.027037
0 0.693307 0.326991 0.011823 0.020093
0 0.160703 0.533935 0.019219 0.031204
0 0.680208 0.420694 0.010417 0.016944
0 0.857604 0.449676 0.016979 0.026944
0 0.674505 0.167778 0.011719 0.020556
0 0.193932 0.782917 0.019115 0.034537
0 0.735208 0.735926 0.012708 0.022407
