0 0.780972 0.340313 0.037685 0.023646
0 0.467315 0.588932 0.034444 0.020781
0 0.148241 0.624401 0.029259 0.018906
0 0.345602 0.062943 0.042500 0.027448
0 0.087639 0.070208 0.047685 0.028229
0 0.377824 0.066875 0.039537 0.027292
0 0.252269 0.599948 0.030648 0.018542
0 0.717593 0.746120 0.045370 0.026094
0 0.872454 0.827813 0.041759 0.025000
0 0.831019 0.835599 0.044444 0.027969
0 0.097639 0.671406 0.039352 0.024687
0 0.738935 0.346927 0.045463 0.024792
0 0.472963 0.610521 0.032778 0.018750
0 0.152685 0.461667 0.045000 0.026875
0 0.251157 0.444245 0.044537 0.024427
0 0.327963 0.174219 0.035000 0.019271
0 0.496667 0.600755 0.032593 0.017240
0 0.309630 0.494141 0.032407 0.017240
0 0.297639 0.610964 0.026759 0.014635
0 0.021111 0.621120 0.042222 0.023906
