0 0.403426 0.619609 0.041111 0.022969
0 0.444352 0.632370 0.040185 0.019635
0 0.440093 0.623125 0.039444 0.021458
0 0.502593 0.669141 0.034259 0.020573
0 0.571435 0.661250 0.044167 0.023333
0 0.674954 0.677161 0.039167 0.017969
0 0.656343 0.617448 0.042500 0.025312
0 0.694861 0.667240 0.043426 0.024896
0 0.592037 0.638099 0.047037 0.027344
0 0.490370 0.598516 0.031296 0.020052
0 0.493750 0.545495 0.044352 0.024427
0 0.464352 0.594922 0.036296 0.022865
0 0.966343 0.835026 0.041389 0.023281
0 0.545833 0.535443 0.046667 0.024219
0 0.520278 0.439375 0.041111 0.023750
0 0.957731 0.814271 0.036204 0.022812
0 0.849213 0.391354 0.043611 0.023438
0 0.927824 0.461406 0.043426 0.025000
0 0.795880 0.717552 0.042315 0.022604
0 0.754630 0.751849 0.040370 0.023281
0 0.818796 0.831901 0.042778 0.023698
0 0.803380 0.802396 0.046759 0.027188
0 0.376759 0.606094 0.031296 0.018854
