0 0.333704 0.488984 0.022407 0.013594
0 0.187269 0.323203 0.035278 0.018698
0 0.160463 0.245573 0.030556 0.017083
0 0.107407 0.426823 0.032037 0.018021
0 0.609259 0.548698 0.020370 0.012188
0 0.278565 0.545391 0.026759 0.013594
0 0.168796 0.454505 0.032593 0.018490
0 0.840509 0.360417 0.023241 0.012188
0 0.416111 0.341771 0.026667 0.014479
0 0.117176 0.445911 0.028426 0.016406
0 0.899537 0.361589 0.026111 0.013906
0 0.205139 0.277318 0.034907 0.018698
0 0.363981 0.488229 0.022778 0.012813
0 0.570417 0.538516 0.018241 0.011094
0 0.100463 0.655911 0.028704 0.013385
0 0.159583 0.603594 0.027130 0.014688
0 0.854722 0.448906 0.023704 0.013021
0 0.888009 0.445911 0.026759 0.013385
0 0.840046 0.466901 0.023426 0.011510
0 0.914907 0.434609 0.028519 0.013490
0 0.872685 0.509583 0.026296 0.014479
0 0.174907 0.393542 0.034630 0.017708
0 0.292824 0.462240 0.019907 0.010937
0 0.161991 0.535391 0.028796 0.015677
0 0.503009 0.582812 0.021204 0.012396
0 0.088565 0.385729 0.032315 0.018021
0 0.413565 0.578281 0.018056 0.009896
0 0.048704 0.344479 0.026296 0.011875
0 0.309167 0.595208 0.020370 0.010417
0 0.349398 0.519974 0.020463 0.010885
0 0.931250 0.484193 0.025833 0.013177
0 0.070833 0.548698 0.039074 0.020521
0 0.414306 0.515651 0.021944 0.013385
0 0.283935 0.504609 0.024167 0.014323
0 0.039398 0.542604 0.034722 0.019896
0 0.129722 0.521849 0.028519 0.016823
0 0.191296 0.595495 0.023333 0.013281
0 0.148981 0.585677 0.031852 0.018646
0 0.866528 0.309896 0.024167 0.013437
0 0.776481 0.382578 0.024444 0.013594
0 0.366944 0.411510 0.024074 0.012708
0 0.950833 0.466797 0.022593 0.012240
0 0.976944 0.529089 0.024444 0.013281
0 0.235694 0.264479 0.029167 0.017292
0 0.038194 0.474818 0.026759 0.016302
0 0.303935 0.407292 0.031759 0.017917
0 0.097685 0.407969 0.033519 0.017188
0 0.267593 0.436693 0.030185 0.016406
0 0.105278 0.298984 0.022963 0.013177
0 0.398426 0.460495 0.020741 0.010885
0 0.403935 0.323021 0.030093 0.015521
0 0.929861 0.325313 0.027500 0.014583
0 0.921620 0.390833 0.024537 0.010625
0 0.119583 0.619323 0.032870 0.017500
0 0.007593 0.468099 0.017407 0.014323
0 0.331852 0.344193 0.025370 0.014323
0 0.225417 0.450286 0.023611 0.013594
0 0.223287 0.546406 0.029167 0.016979
0 0.332269 0.235312 0.023796 0.011875
0 0.436157 0.569115 0.021759 0.010104
0 0.888380 0.506823 0.021574 0.012604
0 0.276759 0.463047 0.021111 0.012031
0 0.986806 0.388906 0.026019 0.017083
0 0.961111 0.521120 0.019259 0.010990
0 0.128843 0.284453 0.025093 0.013906
