0 0.844219 0.579167 0.015104 0.024259
0 0.170990 0.695000 0.010208 0.020000
0 0.244896 0.895833 0.012396 0.017407
0 0.130781 0.645046 0.009375 0.016759
0 0.449375 0.589444 0.009479 0.015926
0 0.186979 0.710231 0.012187 0.019537
0 0.724792 0.484074 0.015104 0.023519
0 0.133594 0.609537 0.014583 0.024259
0 0.308490 0.810046 0.011979 0.022500
0 0.921615 0.385787 0.012604 0.022315
0 0.219505 0.858750 0.013490 0.024537
0 0.103828 0.634074 0.011615 0.018333
0 0.289792 0.624815 0.012396 0.022778
0 0.823203 0.345185 0.011510 0.024259
0 0.844479 0.420741 0.014688 0.023704
0 0.074766 0.933704 0.018281 0.025370
0 0.353984 0.858565 0.011510 0.020463
0 0.898516 0.558056 0.016510 0.025000
0 0.611302 0.359491 0.013125 0.020463
0 0.984609 0.769537 0.011615 0.017963
0 0.437891 0.591667 0.010156 0.016852
0 0.107526 0.511620 0.009740 0.018056
0 0.142526 0.554444 0.010677 0.018519
0 0.961276 0.751111 0.017344 0.021667
0 0.618802 0.359815 0.005313 0.019074
0 0.718099 0.669167 0.013594 0.022963
0 0.268568 0.668704 0.013177 0.022222
0 0.620885 0.557407 0.010104 0.016667
0 0.143411 0.885787 0.013177 0.023426
0 0.828932 0.546528 0.014323 0.026389
0 0.334583 0.667685 0.012500 0.024074
0 0.163516 0.702917 0.013594 0.022870
0 0.317370 0.677269 0.013281 0.022870
0 0.348229 0.759167 0.012813 0.021296
0 0.717083 0.578565 0.015000 0.022685
0 0.888906 0.489074 0.015104 0.024259
0 0.113516 0.593704 0.011615 0.017778
0 0.902292 0.597685 0.011875 0.020370
0 0.322005 0.628056 0.014323 0.026667
0 0.678932 0.645648 0.011719 0.020370
0 0.978984 0.707500 0.011719 0.022963
0 0.695599 0.686852 0.010885 0.019259
0 0.159010 0.879444 0.013021 0.020926
0 0.969609 0.699769 0.013802 0.024167
0 0.747630 0.501574 0.014115 0.025370
0 0.589609 0.344398 0.011406 0.019537
0 0.430469 0.623056 0.009375 0.017778
0 0.290391 0.504306 0.013802 0.025833
0 0.264609 0.831528 0.013177 0.022870
0 0.878880 0.515324 0.013177 0.020833
0 0.222292 0.749213 0.011979 0.021574
0 0.323906 0.600926 0.014688 0.024630
0 0.440885 0.580370 0.009375 0.016296
0 0.316224 0.880509 0.011823 0.020463
0 0.615911 0.540787 0.011198 0.018981
0 0.871484 0.559769 0.016094 0.023611
0 0.656328 0.730556 0.011615 0.020000
0 0.884583 0.605972 0.014375 0.023981
0 0.771484 0.796806 0.013906 0.023981
0 0.955417 0.671065 0.017708 0.025093
0 0.363984 0.761111 0.013281 0.023333
0 0.822604 0.660231 0.015312 0.027130
0 0.822187 0.375926 0.010417 0.018889
0 0.716823 0.733750 0.010104 0.019537
0 0.141094 0.702685 0.012396 0.022407
0 0.148698 0.699630 0.009896 0.020185
0 0.210677 0.754306 0.011875 0.022315
0 0.348438 0.679028 0.014063 0.024537
0 0.635729 0.533426 0.009479 0.015185
0 0.105417 0.874352 0.013333 0.020926
0 0.323099 0.866204 0.008490 0.014815
0 0.111719 0.640093 0.007917 0.014815
0 0.442083 0.599630 0.008333 0.014444
0 0.035807 0.850324 0.012135 0.022500
0 0.077813 0.638102 0.012917 0.020648
0 0.220521 0.898611 0.012604 0.022778
0 0.253490 0.845324 0.014896 0.024167
0 0.743724 0.843009 0.014010 0.023981
0 0.734297 0.497917 0.015781 0.026019
0 0.843984 0.847407 0.013698 0.024259
0 0.739401 0.819259 0.014115 0.025370
0 0.251589 0.676620 0.011823 0.021389
0 0.707578 0.729074 0.008594 0.015185
0 0.330781 0.848565 0.012813 0.021204
0 0.945911 0.715787 0.014010 0.022130
0 0.320417 0.860093 0.012083 0.021296
0 0.117682 0.641759 0.011615 0.019074
0 0.807995 0.394583 0.011510 0.020278
0 0.627187 0.548796 0.012396 0.019815
0 0.048880 0.847824 0.012865 0.022870
0 0.342083 0.674769 0.011354 0.024537
0 0.755599 0.826574 0.013802 0.021667
0 0.878958 0.803750 0.006771 0.019722
0 0.845495 0.753843 0.009740 0.027685
0 0.781068 0.679954 0.010052 0.016019
0 0.863073 0.839583 0.014375 0.025093
0 0.813880 0.810463 0.016094 0.025370
0 0.367500 0.777685 0.015000 0.022778
0 0.872083 0.805000 0.012500 0.023704
0 0.931693 0.719630 0.014010 0.026481
0 0.620677 0.532037 0.012396 0.022037
0 0.326979 0.740000 0.012292 0.021111
0 0.849792 0.697778 0.017083 0.028519
0 0.397370 0.612222 0.010781 0.017963
0 0.344974 0.855694 0.010781 0.021019
0 0.020026 0.818796 0.013802 0.024259
0 0.406198 0.612130 0.009479 0.017407
0 0.912422 0.368333 0.016615 0.026111
0 0.696771 0.556481 0.011875 0.021667
0 0.962214 0.720741 0.015990 0.024444
0 0.960391 0.651667 0.015781 0.025000
0 0.631615 0.420463 0.012500 0.021296
0 0.046589 0.799028 0.015885 0.024907
0 0.197526 0.566991 0.014323 0.022685
0 0.908594 0.415972 0.015521 0.025093
0 0.105807 0.532963 0.011510 0.019815
0 0.290703 0.757778 0.013385 0.024815
0 0.919193 0.460509 0.015885 0.024907
0 0.701198 0.768287 0.011354 0.017870
0 0.773724 0.686389 0.012031 0.020000
0 0.905885 0.709444 0.014583 0.020185
1 0.711927 0.872269 0.013125 0.023426
0 0.240703 0.802778 0.016302 0.027593
0 0.193906 0.597917 0.014583 0.024722
0 0.386432 0.612731 0.011823 0.018611
0 0.378516 0.790463 0.013385 0.021111
0 0.154010 0.641250 0.015625 0.028241
0 0.190625 0.680741 0.015521 0.026667
0 0.919687 0.716065 0.012812 0.022500
0 0.646901 0.384537 0.014323 0.025185
0 0.635182 0.439028 0.011302 0.019907
0 0.975885 0.762315 0.012292 0.020741
0 0.719896 0.812130 0.012917 0.022222
0 0.378385 0.708796 0.012708 0.021481
0 0.794089 0.775278 0.013385 0.022037
0 0.686484 0.699213 0.011198 0.019537
0 0.217083 0.486435 0.012813 0.021019
0 0.278906 0.775833 0.012083 0.020556
0 0.822214 0.427546 0.013906 0.023611
0 0.660885 0.657870 0.013021 0.021667
0 0.261667 0.524120 0.014479 0.024722
0 0.903490 0.487731 0.014688 0.024907
0 0.137604 0.830509 0.012604 0.022870
0 0.835807 0.433843 0.013490 0.024167
0 0.841016 0.778333 0.013385 0.024444
0 0.897891 0.374352 0.015885 0.025556
0 0.120130 0.543565 0.011510 0.021019
0 0.727708 0.827963 0.012500 0.023519
