0 0.828519 0.427917 0.017778 0.012604
0 0.931481 0.623099 0.024259 0.013698
0 0.424306 0.432188 0.023241 0.013021
0 0.004583 0.488281 0.010278 0.014792
0 0.992361 0.582578 0.016944 0.013698
0 0.109491 0.391094 0.022130 0.012604
0 0.024537 0.367396 0.019630 0.010000
0 0.019769 0.478594 0.022315 0.011979
0 0.468843 0.464323 0.023426 0.015521
0 0.484954 0.474271 0.024537 0.014792
0 0.012593 0.374479 0.017963 0.009792
0 0.373657 0.503099 0.022870 0.013281
0 0.378102 0.640000 0.025093 0.014375
0 0.354722 0.400312 0.033333 0.017396
0 0.393657 0.429766 0.036389 0.020677
0 0.372546 0.434922 0.024907 0.014323
1 0.585046 0.570495 0.031574 0.021719
0 0.051528 0.483359 0.025093 0.013281
0 0.076296 0.503750 0.019444 0.012083
0 0.759907 0.598151 0.017963 0.011615
0 0.108102 0.430130 0.020278 0.011406
0 0.033750 0.280990 0.026574 0.014792
0 0.050463 0.491328 0.026481 0.011615
0 0.062685 0.505417 0.020370 0.012083
0 0.784769 0.330130 0.024537 0.013073
0 0.748009 0.599271 0.016574 0.010625
0 0.830880 0.599141 0.019722 0.011094
0 0.731852 0.590599 0.020556 0.011406
0 0.523102 0.512005 0.022315 0.013385
0 0.502083 0.468385 0.026389 0.014479
0 0.137361 0.374531 0.026574 0.013021
0 0.576065 0.495495 0.023611 0.013177
0 0.449583 0.469896 0.022130 0.012500
0 0.876759 0.365313 0.023889 0.012813
0 0.154028 0.384115 0.022315 0.011979
0 0.363565 0.493307 0.019722 0.010885
0 0.819769 0.355469 0.030093 0.014583
0 0.418796 0.513698 0.022593 0.012813
0 0.076898 0.488203 0.025463 0.013490
0 0.457685 0.536901 0.024630 0.013594
0 0.882407 0.341875 0.027037 0.015000
0 0.950509 0.640000 0.027870 0.014375
0 0.338889 0.476979 0.023519 0.012604
0 0.089722 0.437422 0.025370 0.014219
0 0.050694 0.445286 0.027500 0.014323
