0 0.227292 0.399907 0.014687 0.022778
0 0.584297 0.507639 0.011094 0.019722
0 0.669583 0.513102 0.015312 0.026944
0 0.321120 0.325417 0.011302 0.019907
0 0.889818 0.390787 0.016198 0.026204
0 0.526901 0.544444 0.011094 0.019815
0 0.852786 0.721574 0.013698 0.023704
0 0.555911 0.470278 0.011823 0.020741
0 0.853229 0.794769 0.013125 0.022130
0 0.919219 0.567546 0.014896 0.023611
0 0.734115 0.543380 0.017812 0.030463
0 0.528594 0.550787 0.010104 0.019537
0 0.908672 0.576481 0.013594 0.026296
0 0.805469 0.685556 0.012188 0.021296
0 0.858620 0.779954 0.011823 0.021019
0 0.719609 0.665370 0.010677 0.019630
0 0.593594 0.415463 0.009479 0.020370
0 0.007083 0.807824 0.014583 0.021574
0 0.582995 0.552407 0.013281 0.022222
0 0.591901 0.436759 0.011302 0.020741
0 0.694792 0.800741 0.012188 0.022222
0 0.886276 0.646528 0.013698 0.022870
0 0.368281 0.673704 0.011979 0.022778
0 0.573281 0.764630 0.011979 0.023333
0 0.887292 0.769583 0.014375 0.022315
0 0.932187 0.494861 0.017708 0.028981
0 0.687422 0.795509 0.011719 0.021389
0 0.681172 0.743333 0.013594 0.023704
0 0.224089 0.738333 0.013490 0.021111
0 0.178385 0.435602 0.017917 0.029537
0 0.751667 0.813750 0.014375 0.023241
0 0.737031 0.571250 0.015625 0.028241
0 0.590807 0.711898 0.013490 0.024907
0 0.581172 0.732083 0.013177 0.026574
0 0.096771 0.898889 0.014479 0.023704
0 0.769010 0.772870 0.015417 0.026667
0 0.149505 0.651019 0.018385 0.027407
0 0.764688 0.461806 0.015417 0.025833
0 0.939505 0.663981 0.015781 0.027037
1 0.595391 0.868194 0.010885 0.025463
1 0.075286 0.907361 0.015677 0.025463
1 0.586224 0.854722 0.011406 0.025556
0 0.703490 0.575926 0.012500 0.022778
0 0.762578 0.607037 0.014010 0.020741
0 0.242995 0.805046 0.013385 0.020278
0 0.870182 0.624722 0.012969 0.021111
0 0.865990 0.771250 0.011354 0.018611
0 0.923906 0.581574 0.014583 0.026667
0 0.625312 0.457731 0.009792 0.017685
0 0.002604 0.543241 0.005417 0.018704
0 0.900990 0.772454 0.014479 0.021389
0 0.616823 0.742407 0.010625 0.020000
0 0.084687 0.414444 0.012917 0.019074
0 0.631797 0.461389 0.011198 0.018704
0 0.813620 0.455741 0.013906 0.021667
0 0.923516 0.687222 0.013281 0.023704
0 0.838932 0.412778 0.014115 0.024444
0 0.795104 0.573009 0.013021 0.022870
0 0.869297 0.761806 0.014323 0.021944
0 0.149219 0.422407 0.017917 0.028519
0 0.715182 0.617176 0.013906 0.022870
0 0.913281 0.628565 0.012812 0.022500
0 0.570807 0.544676 0.011094 0.026389
0 0.877109 0.472315 0.016406 0.022963
0 0.936719 0.700231 0.015417 0.021574
0 0.792214 0.760370 0.014323 0.022778
0 0.786797 0.584120 0.013177 0.024722
0 0.932214 0.684398 0.013802 0.024907
0 0.602005 0.844167 0.011198 0.021481
0 0.070234 0.463796 0.014323 0.022963
0 0.188385 0.836852 0.015000 0.024630
0 0.826875 0.524398 0.014688 0.023241
0 0.873385 0.411574 0.017708 0.027037
0 0.701198 0.611343 0.011875 0.020833
0 0.168099 0.928287 0.013281 0.026204
0 0.898021 0.578519 0.015208 0.024815
0 0.822292 0.486343 0.010000 0.016759
0 0.606406 0.447593 0.010208 0.020741
0 0.886693 0.462917 0.015885 0.023611
0 0.719609 0.496620 0.010573 0.021389
0 0.616563 0.449120 0.009792 0.015463
0 0.926068 0.627639 0.011927 0.017130
0 0.812552 0.716574 0.011250 0.021852
0 0.763281 0.595741 0.017500 0.017037
0 0.536172 0.535139 0.011094 0.021759
0 0.950391 0.668472 0.013698 0.025093
0 0.699167 0.383981 0.009375 0.019630
0 0.718099 0.540231 0.013177 0.022685
0 0.564323 0.534306 0.007812 0.018426
0 0.650182 0.457454 0.011302 0.021759
0 0.916510 0.524769 0.017188 0.028981
0 0.583724 0.759630 0.011198 0.023333
0 0.731302 0.659444 0.012292 0.022407
0 0.296875 0.367176 0.012500 0.026204
0 0.638932 0.437685 0.009115 0.017222
0 0.058490 0.455556 0.014375 0.021667
0 0.816901 0.473843 0.013281 0.018796
0 0.614167 0.433009 0.011875 0.021944
