0 0.275139 0.549193 0.021574 0.010052
0 0.424537 0.585938 0.020000 0.011979
0 0.609444 0.634115 0.022407 0.017708
0 0.907083 0.550286 0.040833 0.020885
0 0.518009 0.274401 0.034907 0.020781
0 0.961759 0.571667 0.028704 0.017083
0 0.856157 0.696615 0.028981 0.015521
0 0.808704 0.689401 0.032222 0.019010
0 0.159028 0.533620 0.029722 0.016719
0 0.891898 0.488281 0.041204 0.022396
0 0.381481 0.592422 0.024630 0.013906
0 0.323287 0.585000 0.026019 0.014792
0 0.185880 0.446901 0.023796 0.013490
0 0.944769 0.261849 0.028241 0.017135
0 0.443148 0.311016 0.033333 0.021719
0 0.525463 0.514349 0.029074 0.014219
0 0.500787 0.531536 0.023796 0.013490
0 0.493472 0.522214 0.022500 0.013073
0 0.193935 0.402109 0.019352 0.011615
0 0.353519 0.282422 0.035370 0.021406
0 0.547963 0.193854 0.030556 0.015625
0 0.191944 0.550078 0.029074 0.016406
0 0.993889 0.587474 0.012593 0.018385
0 0.422037 0.569401 0.023333 0.013802
0 0.757500 0.262630 0.027593 0.014323
0 0.929028 0.466094 0.041574 0.022188
0 0.936528 0.693203 0.046204 0.023490
0 0.789398 0.614010 0.037685 0.022812
0 0.498148 0.625911 0.027222 0.014219
0 0.325833 0.273229 0.036296 0.020521
0 0.886296 0.516276 0.034259 0.018281
0 0.166111 0.441328 0.023333 0.014219
0 0.739769 0.710885 0.024907 0.014479
0 0.591111 0.473880 0.015741 0.009740
0 0.908843 0.702917 0.034537 0.019896
0 0.216759 0.439609 0.020185 0.011927
0 0.984352 0.536563 0.032037 0.021875
0 0.342037 0.593776 0.024444 0.013385
