0 0.637546 0.693854 0.054537 0.029583
0 0.642037 0.644297 0.070185 0.039219
0 0.944630 0.733594 0.042778 0.026354
0 0.758611 0.725182 0.059259 0.036406
0 0.908009 0.279792 0.053981 0.027604
0 0.845185 0.369062 0.044074 0.025208
0 0.594444 0.735208 0.045741 0.027396
0 0.588056 0.683724 0.049259 0.027969
0 0.382546 0.119818 0.058056 0.034635
0 0.398009 0.657422 0.042315 0.024010
0 0.452639 0.668125 0.043426 0.024896
0 0.392454 0.691875 0.040648 0.024896
0 0.144537 0.653620 0.056667 0.030469
0 0.169213 0.560208 0.028981 0.017604
0 0.164213 0.525651 0.038796 0.021823
0 0.302917 0.474661 0.046389 0.026094
0 0.140417 0.378698 0.039722 0.021458
0 0.124444 0.296953 0.037222 0.022344
0 0.652593 0.283490 0.046852 0.027917
0 0.750741 0.326745 0.049630 0.027760
0 0.669167 0.159193 0.031852 0.019740
0 0.714537 0.126172 0.032037 0.018802
0 0.826944 0.243333 0.054259 0.031667
0 0.880694 0.245911 0.055278 0.031302
0 0.836944 0.282630 0.042778 0.024844
