0 0.554074 0.326016 0.024815 0.013698
0 0.514074 0.333672 0.022778 0.013385
0 0.984120 0.643776 0.026944 0.013281
0 0.458611 0.410599 0.024444 0.013906
0 0.844028 0.590703 0.025278 0.014219
0 0.358102 0.602422 0.020278 0.011823
0 0.886806 0.483620 0.021759 0.010990
0 0.481435 0.316302 0.022685 0.012708
0 0.618241 0.330495 0.026111 0.013906
0 0.809537 0.777187 0.022963 0.016562
0 0.811574 0.304115 0.020185 0.010625
1 0.729954 0.849792 0.032315 0.020000
0 0.961065 0.450495 0.022315 0.011823
0 0.879537 0.316823 0.026296 0.014167
0 0.847639 0.716771 0.030648 0.017292
0 0.632130 0.315990 0.024815 0.014479
0 0.562593 0.660000 0.024630 0.014583
0 0.480139 0.651302 0.018796 0.012396
0 0.605833 0.690703 0.021296 0.013906
0 0.621343 0.669271 0.020463 0.012188
0 0.642037 0.677187 0.024815 0.014479
0 0.585417 0.690417 0.025463 0.015104
0 0.451528 0.381094 0.022130 0.012500
0 0.655185 0.317318 0.024815 0.013490
0 0.824259 0.574401 0.027593 0.015781
0 0.675972 0.750521 0.029722 0.020208
0 0.985139 0.297083 0.030093 0.015417
0 0.512870 0.404714 0.023519 0.013698
0 0.973750 0.704401 0.030463 0.016615
0 0.776204 0.298906 0.017037 0.006458
0 0.651296 0.280625 0.022593 0.010937
0 0.530231 0.318333 0.023056 0.013750
0 0.457731 0.402370 0.023241 0.009844
0 0.591250 0.477865 0.023056 0.008854
0 0.921806 0.450651 0.012870 0.007760
0 0.971204 0.565260 0.019444 0.011458
0 0.466157 0.648776 0.016019 0.010573
0 0.850046 0.730990 0.033426 0.013646
0 0.661528 0.789245 0.020093 0.014531
0 0.439074 0.353724 0.021111 0.008802
0 0.518472 0.626198 0.026574 0.014896
0 0.834120 0.560833 0.028796 0.015417
0 0.963333 0.650885 0.027037 0.014792
0 0.834398 0.772917 0.034167 0.019583
0 0.695556 0.601771 0.026296 0.014792
0 0.327778 0.501875 0.026667 0.014792
0 0.318333 0.488073 0.026296 0.014375
0 0.955463 0.308880 0.032778 0.016510
0 0.946250 0.784896 0.027870 0.016979
0 0.364074 0.486979 0.026296 0.015000
0 0.370787 0.597917 0.022870 0.012396
0 0.979537 0.596198 0.027963 0.014583
0 0.912593 0.794766 0.025370 0.015677
0 0.514074 0.382292 0.024259 0.012917
0 0.798056 0.786979 0.027037 0.017083
0 0.751528 0.763177 0.034167 0.019792
0 0.593472 0.419401 0.026019 0.013906
0 0.468981 0.498307 0.020556 0.010677
0 0.720463 0.807109 0.029074 0.019115
0 0.535787 0.399505 0.023241 0.013281
0 0.716296 0.771510 0.032593 0.020104
0 0.876157 0.808906 0.023981 0.015208
0 0.937315 0.452708 0.020926 0.010417
0 0.989352 0.627786 0.022222 0.014115
0 0.911852 0.290391 0.031667 0.016198
0 0.708889 0.790911 0.026111 0.016198
0 0.856111 0.805312 0.028889 0.018021
0 0.631852 0.760104 0.026481 0.017708
0 0.368519 0.454792 0.029630 0.015312
0 0.471343 0.373776 0.023796 0.013385
0 0.295556 0.493073 0.021481 0.012187
0 0.781389 0.774401 0.029259 0.018906
