0 0.140286 0.648102 0.010052 0.019907
0 0.120417 0.675787 0.015625 0.023241
0 0.052630 0.661481 0.014115 0.024444
0 0.447083 0.343704 0.014792 0.025556
0 0.468594 0.509954 0.013021 0.022500
0 0.522109 0.469815 0.011615 0.020741
0 0.513516 0.246991 0.014323 0.024722
0 0.482318 0.230833 0.013802 0.026296
0 0.491797 0.415741 0.011823 0.022222
0 0.511484 0.334861 0.011094 0.019167
0 0.008802 0.234907 0.015521 0.024259
0 0.458620 0.375602 0.013802 0.023426
0 0.339323 0.413426 0.010625 0.021111
0 0.018333 0.733009 0.012917 0.023611
0 0.308516 0.399769 0.010781 0.019907
0 0.634219 0.690231 0.012292 0.022130
0 0.139219 0.388796 0.015208 0.024630
0 0.521224 0.415093 0.011406 0.022222
0 0.395208 0.796157 0.009479 0.018981
0 0.355495 0.513056 0.015781 0.028704
0 0.356875 0.316898 0.011979 0.021944
0 0.554896 0.287500 0.013125 0.024444
0 0.277318 0.625694 0.014010 0.023056
0 0.652578 0.372176 0.008385 0.014722
0 0.568125 0.543796 0.008542 0.015185
0 0.674557 0.575185 0.012656 0.021111
0 0.134583 0.415370 0.012188 0.019815
0 0.623099 0.694815 0.009323 0.012037
0 0.620365 0.676019 0.014063 0.027407
0 0.400208 0.660278 0.014479 0.025000
0 0.294792 0.626296 0.008750 0.012963
0 0.435911 0.674352 0.013594 0.027778
0 0.532005 0.731389 0.014219 0.022778
0 0.595313 0.426898 0.012917 0.023241
0 0.913411 0.410278 0.013281 0.022963
0 0.279010 0.651389 0.012396 0.021296
0 0.285911 0.639074 0.014115 0.021667
0 0.444583 0.686065 0.012917 0.026759
0 0.390104 0.684352 0.014792 0.026667
0 0.004687 0.091620 0.009375 0.035463
0 0.098776 0.613102 0.013281 0.022315
0 0.300208 0.608657 0.015104 0.027500
0 0.125208 0.319074 0.012604 0.021481
0 0.387500 0.338796 0.012708 0.024815
0 0.467708 0.632731 0.011250 0.020648
0 0.328932 0.407917 0.010573 0.020278
0 0.409193 0.265926 0.007552 0.014815
0 0.365625 0.295741 0.010833 0.019815
0 0.464089 0.268009 0.010156 0.019537
0 0.511797 0.282222 0.011719 0.020556
0 0.054609 0.489954 0.014219 0.022500
0 0.363906 0.589861 0.016979 0.027315
0 0.489714 0.693102 0.010885 0.021574
0 0.510000 0.353843 0.012813 0.023426
0 0.679922 0.592407 0.011406 0.020000
0 0.117708 0.406620 0.014583 0.023241
0 0.023594 0.481111 0.013021 0.020000
0 0.150729 0.571296 0.015208 0.026667
0 0.072318 0.317176 0.014115 0.023056
0 0.396589 0.671620 0.014635 0.025278
0 0.560573 0.548611 0.010625 0.018704
0 0.162578 0.445463 0.010990 0.016852
0 0.138880 0.400046 0.011094 0.013611
0 0.612318 0.683426 0.013385 0.024630
0 0.039193 0.644907 0.013281 0.022037
0 0.420208 0.768611 0.012500 0.021667
0 0.180391 0.544583 0.011719 0.021019
0 0.423203 0.581574 0.018385 0.028519
0 0.020885 0.684861 0.015312 0.025833
0 0.356693 0.285000 0.013594 0.024630
0 0.587031 0.305463 0.012917 0.020185
0 0.128021 0.652731 0.015625 0.026204
0 0.372891 0.357222 0.013281 0.025370
0 0.402474 0.741759 0.012344 0.021111
0 0.021276 0.215602 0.015885 0.023981
0 0.506016 0.374537 0.013490 0.024630
0 0.396484 0.305000 0.013906 0.025185
0 0.555208 0.314491 0.012396 0.022500
0 0.008594 0.627315 0.014896 0.022593
