0 0.097361 0.458984 0.023056 0.013490
0 0.980278 0.468021 0.024444 0.012500
0 0.747454 0.491510 0.021759 0.011875
0 0.113241 0.389089 0.026296 0.014010
0 0.517222 0.333698 0.027407 0.014687
0 0.480417 0.403516 0.022500 0.011719
0 0.415000 0.417109 0.020556 0.010781
0 0.604676 0.158021 0.023796 0.013125
0 0.558657 0.366510 0.026574 0.013125
0 0.478009 0.442005 0.021389 0.011719
0 0.032269 0.582474 0.024907 0.013177
0 0.732870 0.497005 0.019074 0.011510
0 0.989815 0.427995 0.020000 0.011510
0 0.657778 0.371589 0.022222 0.013177
0 0.150602 0.451302 0.022685 0.012083
0 0.532778 0.417318 0.021111 0.011719
0 0.537037 0.372812 0.022407 0.012396
0 0.645694 0.438724 0.019167 0.011510
0 0.682361 0.320286 0.021389 0.010990
0 0.939259 0.514271 0.022037 0.012083
0 0.612176 0.326198 0.022500 0.012813
0 0.006204 0.578620 0.012963 0.013802
0 0.834537 0.283828 0.023704 0.014010
0 0.607685 0.204896 0.023333 0.013021
0 0.810602 0.484193 0.019167 0.011094
0 0.660278 0.180000 0.023704 0.014792
0 0.099444 0.549193 0.025741 0.011823
0 0.961852 0.406354 0.020185 0.011562
0 0.945278 0.371589 0.022407 0.011719
0 0.927269 0.362135 0.020833 0.012083
0 0.959676 0.295781 0.023611 0.013437
0 0.950417 0.315521 0.021389 0.012604
0 0.765787 0.185026 0.024722 0.014635
0 0.677130 0.184844 0.021111 0.012188
0 0.716296 0.239896 0.017037 0.010729
0 0.701713 0.243984 0.019352 0.009219
0 0.672731 0.345417 0.020278 0.010729
0 0.459074 0.431667 0.019630 0.010625
0 0.490648 0.453802 0.016296 0.009479
0 0.014861 0.378672 0.021944 0.012656
1 0.625139 0.566536 0.022130 0.012240
0 0.698102 0.513047 0.019722 0.010781
0 0.482685 0.452161 0.017037 0.009948
0 0.827083 0.209583 0.027315 0.012917
0 0.991481 0.275130 0.017037 0.015677
0 0.751065 0.160547 0.023241 0.013281
0 0.711528 0.351302 0.015833 0.009896
0 0.994306 0.399297 0.011389 0.015781
0 0.691944 0.236563 0.019259 0.011562
0 0.109352 0.459609 0.017963 0.010990
0 0.996296 0.436927 0.007407 0.011771
0 0.890093 0.488906 0.027037 0.013125
0 0.642454 0.498568 0.018611 0.010781
0 0.638148 0.203307 0.021667 0.013177
0 0.771157 0.247500 0.024167 0.012813
0 0.624537 0.304714 0.025185 0.013906
0 0.473380 0.383802 0.020093 0.011979
0 0.681157 0.444271 0.023241 0.011979
0 0.930833 0.497474 0.027222 0.013490
0 0.605694 0.511927 0.021574 0.010312
0 0.066991 0.440599 0.025278 0.013490
0 0.098333 0.373307 0.027778 0.015781
0 0.611991 0.315104 0.026574 0.014479
0 0.671204 0.307630 0.025926 0.014219
0 0.115093 0.450964 0.024630 0.013177
0 0.751019 0.195911 0.026667 0.013906
0 0.639907 0.375885 0.021481 0.012083
0 0.659491 0.396120 0.021389 0.010990
0 0.876898 0.526016 0.025278 0.013490
0 0.433009 0.420885 0.022870 0.014792
0 0.650278 0.318307 0.024444 0.013594
0 0.720231 0.117682 0.027130 0.015781
0 0.621250 0.263984 0.023981 0.013385
