0 0.326797 0.628148 0.011823 0.020185
0 0.407135 0.628704 0.015521 0.031111
0 0.439401 0.269769 0.011406 0.024167
0 0.530495 0.317685 0.013906 0.021667
0 0.100495 0.646250 0.013281 0.024537
0 0.566979 0.836528 0.015000 0.028241
1 0.304974 0.976620 0.011198 0.020278
0 0.466198 0.447870 0.020104 0.034074
0 0.460599 0.393148 0.019219 0.033704
0 0.460599 0.905139 0.013490 0.028241
0 0.041198 0.668287 0.014479 0.022685
0 0.563411 0.506435 0.013698 0.021389
0 0.339375 0.779352 0.017083 0.028519
0 0.143464 0.642731 0.010052 0.023611
0 0.104766 0.563426 0.014740 0.020000
0 0.360312 0.270185 0.010937 0.020000
0 0.428359 0.233194 0.012031 0.018056
0 0.563333 0.484306 0.012500 0.022500
0 0.355964 0.284213 0.014427 0.020278
0 0.132995 0.486667 0.011823 0.019815
0 0.568620 0.331250 0.011302 0.020463
0 0.557005 0.817315 0.014115 0.026481
0 0.550885 0.480602 0.012292 0.021019
0 0.604818 0.549815 0.011615 0.018889
0 0.432188 0.208102 0.014687 0.024537
0 0.469115 0.712361 0.017188 0.030833
0 0.429609 0.274630 0.013802 0.025370
0 0.007083 0.565093 0.015208 0.027407
0 0.085000 0.655370 0.015417 0.023889
0 0.391406 0.256991 0.015000 0.026019
0 0.519115 0.342731 0.012708 0.020833
0 0.280208 0.684676 0.012292 0.020463
0 0.394193 0.629444 0.018385 0.036111
0 0.467292 0.476204 0.015625 0.026481
0 0.448281 0.913426 0.015312 0.025926
0 0.463229 0.850833 0.012708 0.027222
0 0.388125 0.919954 0.017500 0.030278
0 0.471797 0.243009 0.014219 0.024907
0 0.444323 0.706898 0.017604 0.029537
1 0.220286 0.706111 0.009219 0.012037
0 0.123490 0.610833 0.015104 0.025000
0 0.314922 0.429074 0.011198 0.019630
0 0.357891 0.936759 0.013802 0.025741
0 0.039010 0.788611 0.012917 0.022222
0 0.477682 0.467454 0.013177 0.026574
0 0.339609 0.651574 0.011094 0.022778
0 0.539896 0.475556 0.011875 0.022222
0 0.121536 0.488241 0.011823 0.018519
0 0.142917 0.475139 0.011875 0.015093
0 0.143984 0.464583 0.012240 0.020648
0 0.355234 0.305324 0.015781 0.026574
0 0.108698 0.684167 0.012500 0.022593
