0 0.780417 0.359630 0.015625 0.025741
0 0.529010 0.689583 0.012188 0.025463
0 0.800703 0.720741 0.014115 0.023333
0 0.934896 0.807824 0.014687 0.022500
0 0.378802 0.827407 0.012708 0.025000
0 0.803672 0.570278 0.013594 0.024259
0 0.765729 0.125648 0.009063 0.016852
0 0.509583 0.410741 0.010937 0.019630
0 0.248932 0.382407 0.014948 0.025926
0 0.166719 0.734861 0.018333 0.031204
0 0.265729 0.786111 0.014063 0.023333
0 0.291224 0.762963 0.014010 0.021852
0 0.518516 0.687361 0.013906 0.026204
0 0.336901 0.839444 0.013594 0.029259
0 0.863099 0.757685 0.016406 0.025000
0 0.753203 0.592778 0.013490 0.025185
0 0.739010 0.355787 0.017396 0.027315
0 0.822005 0.387407 0.018906 0.026111
0 0.821510 0.367731 0.017813 0.028981
0 0.789219 0.447130 0.017604 0.028519
0 0.527422 0.784398 0.011719 0.022500
0 0.248385 0.797963 0.012708 0.022963
1 0.704688 0.778657 0.010313 0.020463
0 0.853776 0.769676 0.015990 0.025463
0 0.131823 0.674213 0.022396 0.038981
0 0.128177 0.698287 0.019896 0.029167
0 0.803906 0.703333 0.015208 0.023889
0 0.351719 0.833102 0.015521 0.028611
0 0.817995 0.711759 0.013490 0.023333
0 0.598724 0.282315 0.013698 0.026296
0 0.919505 0.812546 0.015781 0.023981
0 0.536094 0.223241 0.012604 0.024815
0 0.788620 0.708843 0.014323 0.023796
0 0.783698 0.517685 0.014792 0.023519
0 0.820130 0.212778 0.016510 0.025926
0 0.426302 0.300509 0.019896 0.032685
0 0.322682 0.717407 0.013698 0.027407
0 0.841901 0.225463 0.013906 0.023704
0 0.900312 0.570417 0.019687 0.032870
0 0.272370 0.518148 0.014115 0.023519
0 0.246719 0.516806 0.011875 0.020278
0 0.188698 0.601806 0.015417 0.028796
0 0.765885 0.495694 0.012604 0.022870
0 0.146198 0.333981 0.020417 0.031481
0 0.490130 0.857037 0.011823 0.023519
0 0.532422 0.170093 0.016510 0.029815
0 0.540182 0.692083 0.014010 0.029537
0 0.813490 0.729954 0.015521 0.027130
0 0.199010 0.580278 0.017500 0.030185
0 0.793516 0.404074 0.016198 0.027778
0 0.504375 0.247083 0.017188 0.030093
0 0.150208 0.745741 0.019688 0.027407
0 0.336901 0.875833 0.013490 0.024630
1 0.729583 0.776204 0.012708 0.020926
