0 0.832656 0.436852 0.009896 0.015000
0 0.932474 0.270417 0.009740 0.016389
0 0.992578 0.271296 0.009740 0.016852
0 0.862083 0.411481 0.007604 0.014444
0 0.831875 0.681481 0.008229 0.013889
0 0.818620 0.746343 0.009740 0.017315
0 0.824323 0.665000 0.008646 0.015741
0 0.815000 0.669259 0.009896 0.015370
0 0.814635 0.656574 0.009792 0.016481
0 0.940130 0.896667 0.014219 0.024444
0 0.154297 0.740046 0.014219 0.027130
0 0.415885 0.651204 0.011875 0.020741
0 0.802708 0.715509 0.009167 0.015648
0 0.834818 0.487731 0.007865 0.013981
0 0.827240 0.623704 0.011354 0.019630
0 0.517214 0.870741 0.013281 0.025926
0 0.723516 0.520000 0.007031 0.013333
0 0.714245 0.511528 0.007969 0.014352
0 0.689427 0.601713 0.008854 0.014907
0 0.669583 0.683380 0.007187 0.013611
0 0.634505 0.688426 0.013490 0.023148
0 0.463073 0.417500 0.010208 0.017037
0 0.405755 0.470093 0.008698 0.017593
0 0.458021 0.555370 0.009583 0.017593
0 0.176979 0.355046 0.011250 0.018611
0 0.250286 0.410093 0.010260 0.016667
0 0.286276 0.415463 0.009635 0.016667
0 0.280547 0.433333 0.010260 0.015741
0 0.314740 0.599815 0.010521 0.015556
0 0.286094 0.632685 0.008125 0.015556
0 0.250703 0.582315 0.013385 0.023519
0 0.307578 0.505833 0.013177 0.023333
0 0.068411 0.799444 0.018281 0.032963
0 0.320781 0.503981 0.014375 0.023704
0 0.261927 0.568472 0.013125 0.024167
0 0.230625 0.559444 0.015208 0.024074
0 0.211510 0.588611 0.017188 0.030370
0 0.011276 0.552500 0.018698 0.027593
0 0.855417 0.567824 0.008021 0.013796
0 0.880312 0.530509 0.010833 0.017870
0 0.863411 0.497407 0.011510 0.017778
0 0.847422 0.526620 0.009010 0.013981
0 0.831172 0.520463 0.010365 0.014630
0 0.947708 0.339815 0.008750 0.013889
0 0.168516 0.761806 0.010781 0.018241
0 0.206198 0.769167 0.008646 0.015926
0 0.213880 0.776852 0.010260 0.017778
0 0.175443 0.908611 0.010990 0.018889
0 0.162526 0.803009 0.013177 0.024537
0 0.146510 0.826667 0.012292 0.025000
0 0.135703 0.829074 0.013802 0.025556
0 0.139401 0.933380 0.012448 0.021019
0 0.112682 0.913102 0.012240 0.020463
0 0.101797 0.713889 0.016094 0.033519
0 0.428411 0.528657 0.009219 0.017500
0 0.307005 0.634167 0.009323 0.015000
0 0.240078 0.951111 0.013177 0.024074
0 0.434896 0.517454 0.010521 0.018981
0 0.823568 0.414861 0.009010 0.013796
0 0.796042 0.460833 0.008646 0.015556
0 0.802891 0.479630 0.009010 0.014630
0 0.776198 0.541343 0.007812 0.013056
0 0.741302 0.515417 0.007500 0.014907
0 0.734219 0.551574 0.007604 0.013333
0 0.977135 0.292454 0.011667 0.019352
0 0.216693 0.535185 0.016510 0.026852
0 0.048932 0.710324 0.018281 0.028981
1 0.526380 0.931759 0.011302 0.022778
0 0.687474 0.528102 0.012969 0.023981
0 0.177083 0.336204 0.012708 0.020370
0 0.060156 0.683194 0.018542 0.028611
0 0.095026 0.856667 0.016615 0.027963
0 0.677734 0.696481 0.008906 0.016296
0 0.315547 0.478426 0.010990 0.019630
0 0.694948 0.656806 0.008854 0.017500
0 0.400625 0.648287 0.010417 0.021019
0 0.811042 0.736389 0.010208 0.018889
0 0.840026 0.604398 0.009010 0.015278
0 0.856771 0.674537 0.009167 0.016111
0 0.104870 0.877500 0.016510 0.026667
0 0.207214 0.912778 0.011719 0.022222
0 0.211484 0.290185 0.012448 0.019444
0 0.564661 0.899630 0.010469 0.020185
0 0.687708 0.615231 0.010104 0.017685
0 0.311927 0.551204 0.009688 0.016852
0 0.771094 0.604630 0.008854 0.015741
0 0.962995 0.344722 0.012448 0.020000
0 0.960182 0.863380 0.014740 0.025278
0 0.937969 0.339259 0.009271 0.014444
0 0.928437 0.902037 0.012396 0.023333
0 0.729583 0.558796 0.007604 0.014074
0 0.990391 0.350972 0.013073 0.021759
0 0.796510 0.425648 0.009375 0.015556
0 0.975495 0.348657 0.014010 0.019722
0 0.791432 0.601852 0.009531 0.018148
0 0.290312 0.608750 0.011875 0.022130
0 0.820547 0.583148 0.008698 0.015926
0 0.798698 0.643333 0.009167 0.016852
0 0.818490 0.641019 0.012396 0.019259
0 0.814401 0.587407 0.009740 0.016852
0 0.741198 0.553519 0.006771 0.012407
0 0.986198 0.279306 0.012500 0.018796
0 0.646042 0.708426 0.012708 0.023148
0 0.105521 0.850833 0.015729 0.026667
0 0.072552 0.700880 0.015417 0.027130
0 0.343125 0.498519 0.010521 0.017407
0 0.523542 0.565093 0.011562 0.021111
0 0.252240 0.547500 0.013958 0.023889
0 0.236589 0.572778 0.012552 0.019630
0 0.132891 0.880648 0.015052 0.024630
0 0.326458 0.486343 0.011771 0.019722
