0 0.206224 0.655833 0.014115 0.025556
0 0.198880 0.636296 0.011406 0.020926
0 0.669010 0.764491 0.012708 0.025463
0 0.605703 0.754074 0.009635 0.016667
0 0.635417 0.718704 0.008437 0.014630
0 0.641771 0.765278 0.008542 0.015185
0 0.648073 0.784167 0.008229 0.015556
0 0.681458 0.817407 0.010417 0.020370
0 0.683776 0.793611 0.009740 0.017593
0 0.702266 0.766250 0.009010 0.016019
0 0.150365 0.620185 0.009375 0.015556
0 0.689948 0.717315 0.010000 0.017778
0 0.697865 0.717037 0.008542 0.017222
0 0.703229 0.720648 0.007187 0.014074
0 0.670833 0.732593 0.010417 0.016852
0 0.778385 0.620093 0.009375 0.017963
0 0.790104 0.618056 0.009687 0.016852
0 0.797187 0.608519 0.007500 0.014630
0 0.774583 0.582685 0.010833 0.018704
0 0.119531 0.376250 0.013125 0.019722
0 0.087344 0.284861 0.011042 0.018056
0 0.252865 0.770926 0.010729 0.019074
0 0.283385 0.720741 0.008542 0.015000
0 0.280313 0.693519 0.008125 0.014630
0 0.231458 0.640509 0.013333 0.024537
0 0.289844 0.600509 0.011250 0.019537
0 0.653307 0.481667 0.013281 0.022593
0 0.168490 0.609861 0.009479 0.017130
0 0.226250 0.501481 0.010313 0.019074
0 0.216927 0.501481 0.009479 0.017407
0 0.246354 0.452639 0.010521 0.018426
0 0.199557 0.319491 0.011823 0.018426
0 0.158490 0.341296 0.008229 0.013333
0 0.438698 0.573148 0.006563 0.011667
0 0.459792 0.589769 0.006771 0.012500
0 0.439922 0.498009 0.009115 0.015093
0 0.428177 0.500139 0.009896 0.019167
0 0.427734 0.207824 0.008490 0.015093
0 0.509271 0.529815 0.007604 0.013333
0 0.541667 0.559259 0.010208 0.019444
0 0.542500 0.692778 0.011250 0.019815
0 0.034583 0.356250 0.011979 0.019537
0 0.054844 0.372222 0.011875 0.017778
0 0.958073 0.682130 0.012604 0.018889
0 0.663750 0.808194 0.010937 0.019907
0 0.647187 0.746157 0.012708 0.023611
0 0.181458 0.749074 0.013438 0.021296
0 0.518281 0.662130 0.012604 0.023704
0 0.181823 0.386806 0.012604 0.019722
0 0.020391 0.646435 0.014010 0.021574
0 0.259245 0.680833 0.014010 0.025185
0 0.232604 0.743333 0.014063 0.025370
0 0.101354 0.734398 0.012708 0.020093
0 0.014349 0.266065 0.012969 0.019907
0 0.152865 0.757269 0.014583 0.022130
0 0.249010 0.672454 0.011979 0.022315
0 0.233542 0.697824 0.011771 0.020463
0 0.042057 0.298333 0.011927 0.020741
0 0.508125 0.456389 0.013646 0.024074
0 0.597187 0.227824 0.008646 0.016574
0 0.464375 0.481019 0.010208 0.019444
0 0.419323 0.403333 0.008542 0.014444
0 0.615469 0.701574 0.010729 0.018889
0 0.691641 0.818472 0.008073 0.016204
0 0.621510 0.813426 0.011458 0.019074
0 0.727865 0.765602 0.008021 0.015648
0 0.729974 0.740093 0.008698 0.015926
0 0.246615 0.776250 0.011979 0.020278
0 0.705521 0.805648 0.007917 0.014630
0 0.447266 0.529213 0.010365 0.020278
0 0.611172 0.819398 0.010990 0.017685
0 0.791589 0.385417 0.009740 0.017130
0 0.403776 0.401620 0.009219 0.016759
0 0.229844 0.356944 0.010625 0.016481
0 0.693359 0.783287 0.008698 0.017500
0 0.247161 0.743380 0.012656 0.025463
0 0.748880 0.747130 0.009427 0.016296
0 0.414115 0.410324 0.008333 0.015648
0 0.030599 0.284537 0.012969 0.022407
0 0.757865 0.751065 0.011979 0.020093
0 0.551276 0.674398 0.010260 0.017315
0 0.670312 0.720231 0.010833 0.019907
0 0.609219 0.707269 0.011354 0.019167
0 0.221719 0.659861 0.013333 0.024167
0 0.621068 0.235972 0.007969 0.014722
0 0.437031 0.565463 0.006563 0.012222
0 0.854714 0.682407 0.010781 0.019815
0 0.779219 0.402454 0.011667 0.020833
0 0.005182 0.639074 0.010365 0.023148
0 0.312786 0.597824 0.008698 0.017685
0 0.071406 0.370833 0.011250 0.018148
0 0.671771 0.823102 0.011458 0.020093
0 0.530729 0.680417 0.011042 0.019352
0 0.640000 0.137963 0.010625 0.020185
0 0.739141 0.742917 0.009844 0.018796
0 0.152526 0.726759 0.012865 0.021481
0 0.799323 0.704907 0.011563 0.019074
0 0.902474 0.365509 0.009427 0.013611
0 0.839010 0.370139 0.008229 0.013796
0 0.847057 0.434167 0.007656 0.013889
0 0.839792 0.435463 0.007812 0.013889
0 0.820911 0.517824 0.008281 0.013981
0 0.432083 0.251250 0.009583 0.017685
0 0.003177 0.530046 0.007083 0.028241
0 0.685911 0.528241 0.013385 0.024444
0 0.161094 0.569213 0.015000 0.030278
0 0.321302 0.674306 0.012083 0.023981
0 0.260391 0.735370 0.011719 0.021481
0 0.504896 0.584861 0.010312 0.025463
0 0.315911 0.657083 0.010990 0.021574
0 0.831589 0.709722 0.008385 0.015000
0 0.359714 0.210278 0.010990 0.017407
0 0.013021 0.604028 0.012083 0.021019
0 0.798099 0.501944 0.009115 0.015556
0 0.800495 0.424722 0.009010 0.016667
0 0.794349 0.396435 0.008177 0.014907
0 0.579635 0.249259 0.007604 0.015185
0 0.595625 0.251852 0.008125 0.015185
0 0.603177 0.254537 0.007812 0.014815
0 0.859687 0.695602 0.010417 0.017130
0 0.848203 0.687454 0.010781 0.017870
0 0.819375 0.667963 0.006458 0.011852
0 0.817812 0.645139 0.008750 0.015278
0 0.842865 0.659259 0.007396 0.013148
0 0.861979 0.622870 0.007500 0.013704
0 0.876979 0.630926 0.008854 0.015556
0 0.883177 0.637593 0.006875 0.012593
0 0.866589 0.709074 0.008177 0.015000
0 0.898177 0.650648 0.008125 0.013889
0 0.905521 0.650741 0.008646 0.015185
0 0.902969 0.667778 0.008438 0.015185
0 0.995260 0.661620 0.008854 0.014907
0 0.991328 0.611667 0.009740 0.017037
0 0.992344 0.622454 0.008229 0.014722
0 0.946719 0.610833 0.009583 0.017037
0 0.938672 0.595139 0.009427 0.016019
0 0.899323 0.605926 0.007812 0.014074
0 0.885182 0.581898 0.007969 0.013056
0 0.444531 0.421481 0.009583 0.015926
0 0.406406 0.418148 0.009375 0.016296
0 0.011458 0.418241 0.009479 0.016481
0 0.024427 0.386481 0.013542 0.020556
