0 0.181302 0.718981 0.017708 0.029815
0 0.622083 0.125278 0.008229 0.015000
0 0.786641 0.431852 0.006406 0.010185
0 0.762734 0.647917 0.009323 0.015648
0 0.463724 0.520185 0.008906 0.017593
0 0.809349 0.448333 0.009010 0.015185
0 0.523203 0.789028 0.014010 0.025278
0 0.397604 0.647454 0.009792 0.016759
0 0.331901 0.580833 0.011198 0.018704
0 0.582083 0.773657 0.011979 0.017870
0 0.139219 0.193241 0.012500 0.019074
0 0.339010 0.502083 0.010521 0.017685
0 0.986484 0.650741 0.011510 0.020000
0 0.154792 0.725185 0.016875 0.027407
0 0.504818 0.783704 0.011302 0.019074
0 0.940677 0.482731 0.009896 0.020278
0 0.679818 0.382222 0.013906 0.022407
0 0.816094 0.491852 0.012500 0.020556
0 0.738490 0.584815 0.012396 0.022407
0 0.867604 0.236481 0.009792 0.017778
0 0.448984 0.715741 0.010677 0.020370
0 0.318385 0.540648 0.012396 0.020185
0 0.802708 0.493519 0.012500 0.018704
0 0.666406 0.584444 0.014792 0.023519
0 0.107031 0.207778 0.015521 0.023519
0 0.209010 0.636991 0.015417 0.027315
0 0.932187 0.483889 0.009896 0.018889
0 0.616771 0.164074 0.009479 0.018333
0 0.304193 0.626667 0.009115 0.017963
0 0.376589 0.472778 0.009010 0.017407
0 0.924687 0.492917 0.009792 0.017500
0 0.964583 0.208935 0.009896 0.015093
0 0.975990 0.645185 0.011875 0.019074
0 0.338411 0.568750 0.008906 0.014167
0 0.980026 0.181250 0.008802 0.016019
0 0.888984 0.455556 0.008594 0.014444
0 0.716380 0.174722 0.010781 0.018333
0 0.298385 0.542500 0.009583 0.015370
0 0.624818 0.359213 0.014219 0.023981
0 0.455391 0.621806 0.008906 0.017315
0 0.172422 0.660556 0.016510 0.027222
0 0.112318 0.795417 0.016615 0.025278
0 0.646693 0.499028 0.013802 0.025833
0 0.112500 0.511250 0.017188 0.025833
0 0.321120 0.424074 0.014219 0.022037
0 0.684714 0.496944 0.013906 0.024630
0 0.126484 0.905463 0.016198 0.022963
0 0.950260 0.342500 0.009792 0.016296
0 0.670807 0.250880 0.013490 0.022685
0 0.202630 0.462546 0.014115 0.026019
0 0.414089 0.487500 0.011406 0.018889
0 0.479089 0.649213 0.011302 0.021204
0 0.764323 0.654352 0.008750 0.015926
0 0.710911 0.666389 0.011302 0.020370
0 0.455703 0.516296 0.009740 0.020556
0 0.878750 0.431713 0.010000 0.016019
0 0.778594 0.298889 0.011563 0.019074
0 0.421927 0.515093 0.008333 0.014259
0 0.435755 0.625231 0.008906 0.013426
0 0.202005 0.552176 0.010781 0.017500
0 0.815078 0.434491 0.011302 0.018796
0 0.920286 0.314537 0.011719 0.017407
0 0.947161 0.371574 0.010677 0.020185
