0 0.036852 0.553698 0.021481 0.012396
0 0.674120 0.442786 0.019722 0.011406
0 0.792222 0.543151 0.020370 0.012448
0 0.870787 0.351432 0.027315 0.014323
0 0.513194 0.580000 0.021944 0.012813
0 0.055787 0.625521 0.023981 0.013021
0 0.981250 0.387214 0.034537 0.019115
0 0.079120 0.535521 0.022685 0.012500
0 0.557083 0.505599 0.025093 0.013281
0 0.984120 0.645391 0.018241 0.010677
0 0.977870 0.450521 0.024444 0.011667
0 0.618935 0.619193 0.024537 0.014115
0 0.969676 0.470000 0.023981 0.010937
0 0.667963 0.631901 0.020370 0.009531
0 0.069259 0.515599 0.025370 0.013385
0 0.541019 0.632396 0.021296 0.011146
0 0.548750 0.542734 0.017130 0.009010
0 0.992083 0.497292 0.016759 0.017396
0 0.516389 0.521589 0.026111 0.013177
0 0.669630 0.610911 0.027037 0.013906
0 0.007176 0.437318 0.014352 0.010365
0 0.819722 0.400521 0.024444 0.013125
0 0.042130 0.520052 0.023519 0.012812
0 0.674676 0.725938 0.024167 0.013125
0 0.753333 0.422474 0.022963 0.012656
0 0.773426 0.446979 0.030370 0.017083
0 0.880972 0.424219 0.033426 0.017396
0 0.651898 0.561406 0.029907 0.016875
0 0.606343 0.629115 0.026944 0.014896
0 0.060694 0.530104 0.024907 0.012812
0 0.589722 0.617812 0.025926 0.015000
0 0.915694 0.788385 0.031944 0.015521
0 0.026806 0.557187 0.021759 0.012292
0 0.031528 0.644870 0.020463 0.011510
0 0.004074 0.401328 0.008889 0.011719
0 0.003611 0.557682 0.007963 0.011406
0 0.551111 0.552396 0.020556 0.010625
0 0.006389 0.506302 0.013704 0.012500
0 0.534120 0.604089 0.019907 0.010781
0 0.641435 0.652292 0.025093 0.012187
0 0.886620 0.762604 0.026204 0.015208
0 0.016435 0.643125 0.023796 0.013021
0 0.666991 0.471198 0.023611 0.011979
0 0.654722 0.601120 0.026481 0.013698
0 0.016759 0.595495 0.027963 0.014115
0 0.591389 0.645495 0.025926 0.013906
0 0.934259 0.374010 0.031481 0.017708
0 0.693935 0.735104 0.023426 0.012708
0 0.948981 0.497812 0.025000 0.012813
0 0.990370 0.694115 0.019630 0.014583
0 0.775370 0.556094 0.025556 0.013125
0 0.808611 0.413880 0.032407 0.016406
0 0.006296 0.519427 0.012593 0.015521
