0 0.145741 0.434922 0.026111 0.014219
0 0.168843 0.448099 0.029907 0.016198
0 0.418148 0.393073 0.031111 0.019479
0 0.655231 0.289089 0.023241 0.013490
0 0.267361 0.429375 0.028611 0.017396
0 0.409630 0.277005 0.022222 0.013594
0 0.055972 0.571484 0.026389 0.013281
0 0.444630 0.218385 0.025926 0.015000
0 0.422639 0.582969 0.028241 0.014688
0 0.486713 0.582318 0.025833 0.014219
0 0.679074 0.505391 0.019815 0.011615
0 0.194907 0.505729 0.023889 0.012708
0 0.510139 0.398594 0.023426 0.012396
0 0.677731 0.547969 0.024722 0.012083
0 0.190880 0.413125 0.027685 0.015312
0 0.273380 0.513724 0.023981 0.013698
0 0.471898 0.293490 0.023981 0.014896
0 0.464120 0.529583 0.022500 0.012396
0 0.465880 0.325286 0.027130 0.016198
0 0.077454 0.566016 0.024537 0.013906
0 0.423704 0.273828 0.022778 0.013906
0 0.582639 0.376589 0.026389 0.013281
0 0.459491 0.523203 0.023981 0.013594
0 0.604722 0.287995 0.022222 0.013385
0 0.806111 0.357865 0.023889 0.011875
0 0.320880 0.574271 0.025093 0.011875
0 0.342454 0.558828 0.026019 0.014010
0 0.753935 0.525234 0.021944 0.011823
0 0.445185 0.387891 0.026481 0.018594
0 0.326898 0.476172 0.024167 0.013177
0 0.622685 0.361016 0.021481 0.011823
0 0.357083 0.545104 0.023426 0.013125
0 0.587824 0.461563 0.019907 0.011875
0 0.741204 0.373490 0.026111 0.014375
0 0.641250 0.385807 0.022870 0.013906
0 0.593935 0.283984 0.021204 0.013177
0 0.608704 0.355885 0.025000 0.012396
0 0.138102 0.430182 0.021019 0.011615
0 0.205509 0.525391 0.018796 0.010885
0 0.373796 0.532422 0.020000 0.011823
0 0.733796 0.385781 0.024444 0.012292
0 0.226667 0.522214 0.022778 0.011510
0 0.357963 0.440286 0.024444 0.014115
0 0.498704 0.586693 0.020370 0.011719
0 0.557176 0.391094 0.021574 0.012292
0 0.477639 0.395677 0.020833 0.011875
0 0.471713 0.518880 0.017500 0.011510
0 0.276111 0.468620 0.020370 0.011094
0 0.740787 0.542708 0.021574 0.010208
0 0.659583 0.556667 0.021389 0.012500
0 0.199722 0.472214 0.030000 0.015885
0 0.596250 0.539531 0.022500 0.012500
0 0.546111 0.494141 0.022407 0.011823
1 0.377037 0.475911 0.023333 0.013490
1 0.416019 0.456146 0.017593 0.010417
1 0.399630 0.458151 0.016481 0.010677
0 0.556806 0.304167 0.021389 0.011875
0 0.478333 0.280521 0.015370 0.010937
0 0.538380 0.262083 0.021944 0.014167
0 0.571481 0.281016 0.023889 0.015573
0 0.423704 0.225938 0.021296 0.012187
0 0.658426 0.263646 0.017778 0.012083
0 0.664398 0.384323 0.021944 0.012604
0 0.420509 0.217370 0.019352 0.010052
0 0.257130 0.441484 0.018333 0.011719
0 0.645278 0.261719 0.022963 0.012292
0 0.317407 0.463229 0.020556 0.012187
0 0.235185 0.438594 0.033704 0.017604
0 0.168981 0.528203 0.022963 0.013802
0 0.387731 0.387083 0.033056 0.017917
0 0.338704 0.358802 0.032778 0.018125
0 0.347593 0.530208 0.028333 0.015000
0 0.410093 0.262005 0.027963 0.015885
0 0.236713 0.454714 0.033796 0.016719
0 0.478333 0.378880 0.030185 0.016094
0 0.469583 0.647396 0.026204 0.014479
0 0.376296 0.595703 0.024630 0.015885
