0 0.536574 0.657891 0.025556 0.012448
0 0.598704 0.521797 0.032222 0.017448
0 0.537130 0.708021 0.031481 0.017500
0 0.443426 0.405104 0.038333 0.022813
0 0.613843 0.510833 0.029167 0.018021
0 0.661991 0.453203 0.030278 0.015677
0 0.487731 0.559115 0.020278 0.011875
0 0.419722 0.462839 0.032037 0.019115
0 0.030556 0.506693 0.022222 0.011823
0 0.004861 0.511120 0.010278 0.011719
0 0.458704 0.647995 0.027222 0.016719
0 0.054537 0.488490 0.024630 0.011875
0 0.733981 0.534792 0.039815 0.020625
0 0.430093 0.664714 0.023704 0.013906
0 0.530417 0.670833 0.028981 0.015625
