0 0.658935 0.527526 0.020648 0.012344
0 0.397870 0.486693 0.022593 0.013490
0 0.211852 0.232995 0.032963 0.018281
0 0.567639 0.401198 0.025833 0.014583
0 0.715602 0.494714 0.030463 0.015990
0 0.357222 0.290026 0.026111 0.014323
0 0.484444 0.532526 0.026481 0.014219
0 0.795139 0.318203 0.025833 0.014010
0 0.514722 0.551875 0.026481 0.015000
0 0.749537 0.487630 0.030185 0.016510
0 0.675926 0.457500 0.022593 0.012500
0 0.657593 0.601589 0.021111 0.011615
0 0.473519 0.500990 0.021481 0.012396
0 0.480463 0.350208 0.020000 0.012083
0 0.610787 0.476927 0.022130 0.012604
0 0.614352 0.520391 0.024074 0.014010
0 0.276574 0.429505 0.027593 0.014115
0 0.749444 0.547396 0.025185 0.014271
0 0.774398 0.329375 0.022685 0.012500
0 0.502222 0.562344 0.022593 0.012292
0 0.495463 0.497474 0.025370 0.015677
0 0.439954 0.540026 0.026204 0.012865
0 0.763704 0.322214 0.027037 0.013802
0 0.414907 0.543906 0.019444 0.011042
0 0.418056 0.521667 0.026481 0.015104
0 0.493889 0.554922 0.023889 0.012969
0 0.672361 0.617005 0.021019 0.012865
0 0.752778 0.495312 0.025185 0.011250
0 0.884815 0.391641 0.021852 0.009948
0 0.883241 0.370807 0.030185 0.015052
0 0.890694 0.336276 0.024722 0.013385
0 0.631157 0.442995 0.021019 0.012760
0 0.660278 0.520625 0.021667 0.011354
0 0.417037 0.551536 0.019630 0.010781
0 0.497269 0.514896 0.023241 0.012813
0 0.318380 0.480990 0.024352 0.013854
0 0.446481 0.349609 0.021481 0.013177
0 0.271852 0.313828 0.022778 0.011615
0 0.622546 0.614635 0.023426 0.013021
0 0.632685 0.536172 0.026111 0.015885
0 0.531574 0.442708 0.025926 0.015000
0 0.637176 0.622318 0.024537 0.014010
0 0.507176 0.587604 0.024167 0.012604
0 0.364630 0.515391 0.025926 0.014115
0 0.786806 0.481276 0.023981 0.013490
0 0.183009 0.386432 0.023796 0.011719
0 0.855648 0.512292 0.024630 0.014375
0 0.222222 0.386302 0.022778 0.011979
0 0.161991 0.387500 0.022685 0.011875
0 0.211389 0.366823 0.022778 0.012917
0 0.263843 0.333021 0.022870 0.012604
0 0.586065 0.592214 0.025093 0.014010
0 0.561528 0.563698 0.026574 0.014896
0 0.702917 0.522292 0.026944 0.015104
0 0.850463 0.523125 0.028889 0.015625
