0 0.538796 0.648802 0.038889 0.020000
0 0.789722 0.507995 0.026481 0.015990
0 0.152870 0.461667 0.027222 0.014375
0 0.373380 0.623307 0.026204 0.013698
0 0.215741 0.469115 0.031111 0.018021
0 0.926204 0.494089 0.025370 0.014219
0 0.445602 0.279479 0.018426 0.012396
0 0.824630 0.509479 0.024630 0.014792
0 0.028519 0.412370 0.027593 0.015781
0 0.166111 0.538984 0.022407 0.013490
0 0.572917 0.653698 0.031574 0.019375
0 0.863843 0.613021 0.032870 0.020000
0 0.720787 0.438516 0.035463 0.018281
0 0.119583 0.123281 0.038796 0.022708
0 0.196620 0.109687 0.042315 0.024896
0 0.613426 0.610990 0.032963 0.017917
0 0.231898 0.716172 0.035833 0.018281
0 0.864167 0.209505 0.036481 0.020781
0 0.980231 0.292917 0.040278 0.022083
0 0.810000 0.306276 0.031296 0.018594
0 0.838380 0.494115 0.024722 0.014375
0 0.177176 0.225833 0.024537 0.014583
0 0.001991 0.507188 0.004722 0.011979
0 0.997361 0.439115 0.005833 0.014792
0 0.618843 0.598802 0.030833 0.014792
0 0.338380 0.174609 0.023241 0.016719
0 0.807500 0.254115 0.024259 0.017396
0 0.082315 0.237474 0.033704 0.018594
0 0.446759 0.267526 0.019444 0.011406
0 0.716157 0.318984 0.023981 0.015781
0 0.010093 0.420807 0.021111 0.016094
0 0.769769 0.316302 0.028981 0.017604
0 0.118056 0.565807 0.024630 0.013698
0 0.686204 0.507370 0.022222 0.013177
0 0.182917 0.467292 0.031019 0.017396
0 0.923241 0.449714 0.025000 0.013177
0 0.275370 0.435208 0.035370 0.020313
0 0.205093 0.431693 0.023704 0.014219
0 0.792500 0.271302 0.030370 0.019583
0 0.774352 0.578099 0.022778 0.013177
0 0.992407 0.127708 0.015556 0.020208
0 0.225648 0.519401 0.024630 0.015677
0 0.249444 0.623672 0.024444 0.013281
0 0.885185 0.625885 0.026667 0.015208
0 0.006667 0.279219 0.014074 0.014688
0 0.199630 0.448672 0.032778 0.015677
0 0.932083 0.111198 0.033611 0.021875
0 0.864722 0.277396 0.020926 0.017500
0 0.441343 0.657474 0.038056 0.018385
0 0.808981 0.223021 0.039074 0.022708
0 0.035602 0.503984 0.020278 0.011719
0 0.045694 0.435990 0.025093 0.015312
0 0.023333 0.437005 0.023333 0.014115
0 0.268148 0.521484 0.028333 0.016719
0 0.983009 0.668620 0.032870 0.016823
0 0.380139 0.611927 0.030093 0.017813
0 0.871019 0.330078 0.025556 0.016198
0 0.363843 0.239167 0.027870 0.016875
0 0.586991 0.111901 0.028056 0.018490
0 0.790046 0.522396 0.023056 0.015521
0 0.962361 0.655313 0.028981 0.015313
0 0.884861 0.548776 0.027500 0.015781
0 0.149630 0.210807 0.038889 0.021823
0 0.287269 0.448281 0.037870 0.020000
0 0.311111 0.265599 0.030741 0.018906
0 0.729259 0.506120 0.027778 0.016198
0 0.136806 0.627318 0.022685 0.016406
0 0.917037 0.313411 0.017222 0.011094
0 0.117037 0.575651 0.020000 0.009010
0 0.929259 0.588411 0.024444 0.015052
0 0.896296 0.595443 0.031111 0.018385
0 0.918657 0.592318 0.023611 0.016302
0 0.895787 0.411094 0.026019 0.014167
0 0.603380 0.104323 0.027685 0.019271
0 0.246898 0.440312 0.035093 0.018646
0 0.372731 0.467630 0.017130 0.010260
0 0.967500 0.107188 0.027407 0.015417
0 0.017639 0.137865 0.035093 0.021875
0 0.160602 0.120599 0.036574 0.021510
0 0.827546 0.467109 0.026204 0.016510
0 0.833750 0.232604 0.038426 0.024688
0 0.889306 0.323490 0.025833 0.014479
