0 0.433704 0.530104 0.012407 0.009896
0 0.672454 0.601875 0.018796 0.012292
0 0.283796 0.380312 0.020185 0.010625
0 0.945648 0.458021 0.019815 0.010521
0 0.649167 0.606719 0.021667 0.012500
0 0.748750 0.415182 0.025093 0.009948
0 0.732130 0.574401 0.016667 0.009010
0 0.361991 0.486771 0.016759 0.010521
0 0.154259 0.471120 0.022593 0.011302
0 0.865509 0.450807 0.031204 0.016094
0 0.346759 0.245677 0.027037 0.014687
0 0.020139 0.622917 0.022315 0.012500
0 0.500370 0.617995 0.030000 0.016406
0 0.869306 0.482109 0.030093 0.015885
0 0.903056 0.462682 0.030000 0.016406
0 0.287685 0.496875 0.024815 0.012396
0 0.593657 0.557214 0.029907 0.016719
0 0.755787 0.575417 0.023611 0.012500
0 0.178472 0.468385 0.024537 0.011979
0 0.411111 0.668385 0.025185 0.015521
0 0.680185 0.555521 0.023519 0.012604
0 0.618519 0.340208 0.030000 0.017500
0 0.499213 0.527474 0.033056 0.018490
0 0.161944 0.370495 0.040741 0.020677
0 0.037639 0.389193 0.025833 0.013281
0 0.911713 0.404609 0.028796 0.016719
0 0.428102 0.388698 0.022685 0.012396
0 0.116157 0.471693 0.026944 0.014115
0 0.211389 0.459479 0.022407 0.011979
0 0.586713 0.505391 0.032870 0.020781
0 0.412593 0.581823 0.020741 0.012396
0 0.667870 0.459818 0.021111 0.014219
0 0.315694 0.211719 0.023056 0.012917
0 0.677407 0.447005 0.023333 0.013281
0 0.774398 0.450313 0.030278 0.017708
0 0.400417 0.571823 0.023426 0.013021
0 0.362269 0.570807 0.021759 0.011823
0 0.379074 0.591224 0.023704 0.014323
0 0.133148 0.358021 0.032037 0.017917
0 0.379630 0.567187 0.022222 0.012812
0 0.006574 0.385182 0.013519 0.013490
0 0.939583 0.469401 0.022130 0.011198
0 0.091250 0.475078 0.024537 0.013281
0 0.758009 0.369375 0.022315 0.012396
0 0.499815 0.150182 0.022407 0.014115
0 0.068148 0.387318 0.021667 0.010990
0 0.854028 0.548099 0.021574 0.010677
0 0.005370 0.643516 0.011481 0.010781
0 0.517037 0.657292 0.025000 0.014375
0 0.445833 0.629323 0.029444 0.015521
0 0.822731 0.397656 0.023981 0.014792
0 0.853704 0.576771 0.023148 0.010729
0 0.419722 0.532057 0.026481 0.015156
0 0.039769 0.627891 0.017500 0.010052
0 0.289676 0.422500 0.021944 0.012396
0 0.817454 0.580026 0.022500 0.012656
0 0.390833 0.280000 0.029630 0.017083
0 0.725694 0.577813 0.018611 0.009375
0 0.666667 0.612187 0.017037 0.009792
0 0.562176 0.216042 0.014537 0.009375
0 0.480648 0.310911 0.025556 0.014115
0 0.576991 0.208672 0.016204 0.009844
1 0.310463 0.646484 0.017037 0.008698
0 0.527639 0.559271 0.032315 0.019792
0 0.553843 0.303073 0.038426 0.019687
0 0.072593 0.338073 0.035741 0.019375
0 0.602269 0.343099 0.031574 0.018802
0 0.545093 0.323099 0.036111 0.021406
0 0.263796 0.486797 0.025185 0.013698
0 0.681204 0.316406 0.032593 0.017813
0 0.893565 0.424115 0.031019 0.015521
0 0.194769 0.377422 0.032870 0.018698
0 0.479491 0.665313 0.026759 0.014688
0 0.901481 0.517813 0.029259 0.015521
0 0.790556 0.565234 0.027963 0.014219
0 0.553333 0.536875 0.033519 0.019792
