0 0.430648 0.589245 0.021296 0.011719
0 0.050000 0.634271 0.020741 0.008646
0 0.020694 0.632891 0.017500 0.010781
0 0.205278 0.587188 0.017593 0.008854
0 0.529491 0.487969 0.020278 0.012187
0 0.567500 0.490625 0.031481 0.018125
0 0.394444 0.511823 0.022407 0.012396
0 0.445139 0.310807 0.024907 0.014219
0 0.027361 0.640313 0.019907 0.012917
0 0.254213 0.532396 0.025463 0.014375
0 0.428287 0.499063 0.036574 0.019375
0 0.517130 0.339714 0.026481 0.013490
0 0.324491 0.678307 0.027500 0.013906
0 0.342685 0.668802 0.027407 0.015521
0 0.157546 0.566927 0.031944 0.017708
0 0.258519 0.429323 0.034444 0.017500
0 0.145093 0.580104 0.030185 0.017396
0 0.571250 0.336406 0.020648 0.009896
0 0.251806 0.491510 0.026389 0.014479
0 0.544954 0.331198 0.023056 0.012813
0 0.004954 0.404818 0.010463 0.014219
0 0.126944 0.613802 0.019630 0.010625
0 0.408241 0.314531 0.024444 0.013125
0 0.475370 0.491875 0.030556 0.017396
0 0.354583 0.503099 0.021944 0.013177
0 0.633056 0.561380 0.020185 0.010990
0 0.008009 0.618307 0.017130 0.013906
0 0.301852 0.430078 0.020556 0.016094
0 0.582500 0.405026 0.022407 0.011823
0 0.527778 0.335469 0.020370 0.011875
0 0.005139 0.388802 0.011019 0.012812
0 0.261065 0.658099 0.018611 0.011198
0 0.262963 0.450885 0.033889 0.019688
0 0.060602 0.584687 0.036389 0.019687
0 0.497870 0.458906 0.034630 0.020521
0 0.345139 0.472083 0.030463 0.019896
0 0.271898 0.482187 0.030463 0.018125
0 0.353750 0.615313 0.030278 0.014896
0 0.209028 0.485521 0.028426 0.015521
0 0.060602 0.451406 0.023056 0.012708
0 0.210370 0.498620 0.025926 0.014115
0 0.035231 0.570703 0.029537 0.018594
0 0.384167 0.502630 0.025926 0.014219
0 0.374907 0.470964 0.036296 0.020677
0 0.420556 0.599089 0.027778 0.016615
0 0.651157 0.527734 0.020833 0.011823
0 0.376111 0.618021 0.025000 0.015521
0 0.444352 0.483984 0.032222 0.018906
0 0.570463 0.326406 0.024444 0.014479
0 0.510185 0.327214 0.023889 0.014115
0 0.021991 0.537500 0.035833 0.018125
0 0.554213 0.415885 0.032130 0.017813
0 0.072778 0.565286 0.030000 0.018594
0 0.206065 0.579401 0.018611 0.010781
0 0.353241 0.673984 0.025000 0.014844
0 0.304120 0.514062 0.025093 0.014167
0 0.172870 0.321042 0.020185 0.011979
0 0.357778 0.343281 0.024815 0.013958
0 0.101991 0.674479 0.021759 0.010729
0 0.478056 0.510026 0.026667 0.012031
0 0.564583 0.463958 0.017870 0.011354
0 0.157778 0.553828 0.021111 0.009010
0 0.192824 0.423672 0.031204 0.018385
