0 0.339792 0.218565 0.012604 0.025093
0 0.895104 0.605185 0.012604 0.022037
0 0.747604 0.271944 0.012396 0.021111
0 0.445703 0.697824 0.014010 0.024537
0 0.741484 0.332963 0.016510 0.026111
0 0.996693 0.278704 0.006823 0.025185
0 0.334375 0.776852 0.013021 0.025556
0 0.252448 0.775278 0.015833 0.030741
0 0.430365 0.310093 0.011250 0.019630
0 0.766953 0.035787 0.012031 0.018981
0 0.993802 0.544074 0.012813 0.022407
0 0.766901 0.395046 0.013177 0.022870
0 0.770182 0.110648 0.013281 0.024259
0 0.760599 0.047963 0.014010 0.023704
0 0.683099 0.476528 0.011302 0.017685
0 0.667292 0.386481 0.012396 0.019630
0 0.659010 0.223287 0.010625 0.019907
0 0.957786 0.383565 0.019010 0.026019
0 0.656302 0.392454 0.012292 0.020093
0 0.233698 0.055787 0.014687 0.026574
0 0.528906 0.449074 0.015417 0.025185
0 0.504401 0.138241 0.013906 0.027407
0 0.278333 0.193333 0.015521 0.027407
0 0.493307 0.213611 0.011719 0.022222
0 0.783125 0.104676 0.013021 0.024722
0 0.518021 0.150278 0.012813 0.024444
0 0.255208 0.357639 0.013125 0.022315
0 0.505521 0.041111 0.015000 0.026296
0 0.291172 0.200741 0.013594 0.024815
0 0.495417 0.124537 0.015104 0.026111
0 0.252891 0.321065 0.015885 0.025463
0 0.649115 0.482917 0.012708 0.022685
0 0.772083 0.558611 0.015417 0.026481
0 0.679974 0.387639 0.013698 0.021944
0 0.741771 0.356713 0.014583 0.024722
0 0.485312 0.780694 0.014792 0.024722
0 0.720495 0.636481 0.014115 0.022593
0 0.959818 0.545833 0.015885 0.022407
0 0.777813 0.179491 0.016875 0.027685
0 0.245495 0.065787 0.013594 0.026944
0 0.664115 0.228380 0.012187 0.021019
0 0.649479 0.556204 0.011875 0.022037
0 0.579583 0.672037 0.015417 0.026111
0 0.725781 0.509676 0.014375 0.022315
0 0.496198 0.351019 0.017292 0.030000
0 0.555000 0.576898 0.014479 0.026389
0 0.521224 0.763009 0.013906 0.028426
0 0.469896 0.301204 0.016875 0.030185
0 0.501901 0.703194 0.014323 0.026389
0 0.472370 0.764444 0.015885 0.027778
0 0.287083 0.474028 0.015000 0.024907
0 0.355495 0.835741 0.018385 0.030556
0 0.392109 0.715000 0.011927 0.024074
0 0.216484 0.783565 0.014010 0.027685
0 0.223281 0.750324 0.010521 0.022130
0 0.189427 0.695694 0.013333 0.026019
0 0.377917 0.746111 0.013125 0.025000
0 0.445859 0.314630 0.010052 0.019444
0 0.320365 0.216667 0.014583 0.026667
0 0.760339 0.616944 0.014219 0.026296
