0 0.323704 0.344870 0.032407 0.018385
0 0.887083 0.388490 0.043981 0.022500
0 0.543796 0.501328 0.025370 0.013906
0 0.919954 0.379818 0.043426 0.024219
0 0.597037 0.482995 0.027963 0.016302
0 0.247176 0.569297 0.023981 0.016719
0 0.500370 0.504792 0.027778 0.014583
0 0.837824 0.431927 0.041759 0.020521
0 0.281019 0.633724 0.027222 0.013073
0 0.404213 0.585130 0.047315 0.024323
0 0.742731 0.271589 0.039537 0.024010
0 0.331389 0.614193 0.036481 0.019635
0 0.336343 0.380495 0.024907 0.011719
0 0.898102 0.651979 0.043796 0.027188
0 0.791574 0.450599 0.050926 0.028177
0 0.314167 0.597318 0.024815 0.014010
0 0.965463 0.300208 0.038889 0.020208
0 0.825417 0.686719 0.043426 0.025625
0 0.396296 0.333698 0.027778 0.014375
0 0.393148 0.612214 0.042037 0.023906
0 0.859676 0.451797 0.043056 0.021302
0 0.758472 0.734297 0.052685 0.031719
0 0.362454 0.588307 0.037870 0.020677
0 0.868519 0.693177 0.035370 0.019792
0 0.673704 0.712318 0.034259 0.022656
0 0.270648 0.622474 0.024074 0.016927
0 0.770463 0.401510 0.025370 0.015208
