0 0.702474 0.428287 0.015677 0.026944
0 0.298880 0.437037 0.014010 0.027593
0 0.351615 0.662685 0.015000 0.022593
0 0.226068 0.543148 0.015885 0.026481
0 0.726172 0.669213 0.013281 0.023241
0 0.138802 0.572454 0.017083 0.028426
0 0.188490 0.706065 0.012292 0.022315
0 0.565104 0.480231 0.010521 0.017500
0 0.018021 0.275093 0.022396 0.031667
0 0.268906 0.655972 0.015521 0.026204
0 0.667526 0.442639 0.014115 0.024167
0 0.274297 0.620880 0.015885 0.026574
0 0.292604 0.409769 0.015208 0.030463
0 0.360182 0.679954 0.013281 0.023796
0 0.617630 0.616157 0.014115 0.021759
0 0.577682 0.259954 0.011615 0.018981
0 0.577917 0.182083 0.012813 0.021759
0 0.670208 0.465926 0.014688 0.021481
0 0.492786 0.379491 0.010885 0.019167
0 0.411198 0.401620 0.012604 0.020463
0 0.277891 0.670787 0.013281 0.021944
0 0.120990 0.610278 0.012917 0.023519
0 0.276380 0.218611 0.013594 0.024074
0 0.726719 0.687593 0.012708 0.020926
0 0.769792 0.511157 0.012917 0.021389
0 0.012318 0.350926 0.018594 0.028333
0 0.392708 0.202500 0.010417 0.019074
0 0.141667 0.112685 0.015938 0.022593
0 0.766172 0.457685 0.013594 0.022407
0 0.773906 0.560880 0.011875 0.021944
0 0.353307 0.186204 0.011510 0.021481
0 0.788411 0.400880 0.011302 0.021019
0 0.287917 0.217269 0.013021 0.023981
0 0.182500 0.417176 0.011875 0.021019
0 0.655599 0.178889 0.011719 0.021481
0 0.295677 0.208935 0.012292 0.022315
0 0.127031 0.271574 0.013021 0.022593
0 0.287500 0.625509 0.012708 0.024907
0 0.806406 0.559120 0.012917 0.023796
0 0.193177 0.263148 0.014896 0.024444
0 0.174219 0.579722 0.014688 0.023333
0 0.694089 0.388565 0.013698 0.025463
0 0.526693 0.260231 0.010365 0.017685
0 0.638750 0.579259 0.011042 0.019630
0 0.182943 0.559074 0.014219 0.021852
0 0.192500 0.569444 0.015208 0.025000
0 0.223516 0.606944 0.010365 0.018333
0 0.344635 0.682500 0.014479 0.023333
0 0.683203 0.261713 0.013385 0.025463
0 0.058255 0.538657 0.009323 0.015648
0 0.074401 0.255833 0.012865 0.022222
0 0.153854 0.056713 0.012500 0.022500
0 0.661224 0.273287 0.013073 0.022500
0 0.786979 0.569352 0.012396 0.021667
0 0.501797 0.372037 0.010469 0.017963
0 0.774740 0.636343 0.009271 0.019722
0 0.783151 0.640185 0.010260 0.021296
0 0.216406 0.618241 0.011354 0.020926
0 0.732917 0.098194 0.009687 0.015093
0 0.797995 0.572037 0.010260 0.023519
0 0.693047 0.410000 0.011510 0.019444
0 0.502083 0.355926 0.008958 0.014074
0 0.993724 0.331667 0.012552 0.017037
0 0.706302 0.262037 0.008646 0.012778
0 0.844609 0.084491 0.009740 0.015833
0 0.736016 0.114954 0.009323 0.016389
0 0.742057 0.108333 0.010260 0.015185
0 0.210625 0.372083 0.012708 0.019167
0 0.379688 0.500880 0.012604 0.021759
0 0.669089 0.175509 0.011615 0.021204
0 0.229974 0.215509 0.010885 0.017685
0 0.615807 0.144491 0.013802 0.022130
0 0.257891 0.615972 0.016719 0.031389
0 0.723411 0.171157 0.011510 0.018056
0 0.802708 0.207870 0.012188 0.017963
0 0.706380 0.388102 0.013281 0.024722
0 0.270026 0.226944 0.011406 0.021111
0 0.782813 0.388796 0.010208 0.018519
0 0.601615 0.124676 0.011979 0.022130
0 0.377813 0.194722 0.010625 0.019444
0 0.497995 0.341759 0.011406 0.019259
0 0.176120 0.429630 0.011406 0.020370
0 0.165182 0.086713 0.013906 0.025093
0 0.171797 0.145972 0.016094 0.027315
0 0.389427 0.223194 0.010208 0.021574
0 0.369714 0.577546 0.012760 0.023241
