0 0.747222 0.720729 0.029630 0.018229
0 0.800972 0.685625 0.031944 0.018646
0 0.811250 0.698490 0.033611 0.016875
0 0.791759 0.681745 0.027407 0.016510
0 0.725139 0.712240 0.031204 0.016875
0 0.920880 0.747891 0.040278 0.024427
0 0.195694 0.143672 0.027500 0.016510
0 0.260231 0.318464 0.033611 0.017969
0 0.285556 0.327682 0.038148 0.020156
0 0.341991 0.325781 0.034537 0.022187
0 0.031435 0.123906 0.037500 0.021458
0 0.059861 0.062109 0.032870 0.018490
0 0.471759 0.593411 0.029259 0.016094
0 0.468750 0.602630 0.031574 0.015052
0 0.505093 0.604688 0.032037 0.019688
0 0.393565 0.608047 0.036574 0.021198
0 0.422037 0.624531 0.030185 0.016458
0 0.208750 0.343281 0.033426 0.017917
0 0.029583 0.714792 0.035648 0.019583
0 0.056806 0.716120 0.034722 0.021719
0 0.250463 0.341458 0.033704 0.019063
0 0.233102 0.300208 0.028611 0.018125
