0 0.928594 0.519583 0.012813 0.018241
0 0.783594 0.654259 0.015625 0.025556
0 0.949792 0.435787 0.014688 0.022870
0 0.228203 0.728843 0.013385 0.025093
0 0.358073 0.548981 0.012083 0.018704
0 0.286302 0.605509 0.012813 0.021574
0 0.784583 0.165648 0.012396 0.022037
0 0.761875 0.625231 0.012083 0.019537
0 0.850208 0.737269 0.011979 0.025278
0 0.283620 0.367917 0.014115 0.023426
0 0.356016 0.536157 0.011719 0.020463
0 0.116979 0.419120 0.017604 0.026944
0 0.342187 0.541296 0.013021 0.022222
0 0.749896 0.622083 0.014375 0.022685
0 0.124792 0.531620 0.014375 0.028796
0 0.480286 0.276204 0.010677 0.018519
0 0.624271 0.180509 0.010729 0.019537
0 0.624323 0.767176 0.011771 0.020463
0 0.025286 0.652593 0.015677 0.027407
0 0.199609 0.343750 0.010990 0.017870
0 0.005286 0.776806 0.011302 0.025278
0 0.720000 0.193981 0.011979 0.019815
0 0.228672 0.828565 0.013177 0.023056
0 0.095495 0.805556 0.016198 0.027222
0 0.592005 0.753519 0.016406 0.031667
0 0.027526 0.219352 0.016198 0.023148
0 0.143099 0.628009 0.017344 0.022130
0 0.107240 0.441389 0.014583 0.025556
0 0.277448 0.491898 0.011667 0.019352
0 0.783359 0.190093 0.013490 0.023704
0 0.819323 0.296852 0.013125 0.025741
0 0.842734 0.314259 0.012552 0.019444
0 0.659714 0.848565 0.014115 0.025278
0 0.612083 0.435324 0.014375 0.025833
0 0.662292 0.775833 0.014688 0.027222
0 0.207578 0.839167 0.016094 0.026111
0 0.602786 0.548796 0.015781 0.028889
0 0.839583 0.737824 0.012604 0.023611
0 0.325391 0.707037 0.013281 0.022407
0 0.585885 0.461528 0.013021 0.024167
0 0.935234 0.671435 0.016823 0.021944
0 0.337891 0.495741 0.016198 0.025926
0 0.739089 0.555880 0.013490 0.022870
0 0.510286 0.336343 0.013802 0.024537
0 0.568516 0.399352 0.007448 0.012778
0 0.600208 0.515324 0.015104 0.028241
0 0.756667 0.639120 0.011354 0.012315
0 0.653021 0.588009 0.014583 0.025278
0 0.242786 0.714815 0.013802 0.023889
0 0.591198 0.794583 0.015104 0.026944
0 0.051979 0.835231 0.020000 0.031389
0 0.312318 0.694537 0.014010 0.024259
0 0.140391 0.525833 0.016823 0.029815
0 0.160990 0.627222 0.017917 0.031111
0 0.196120 0.527037 0.016615 0.029815
0 0.147396 0.655185 0.017917 0.028333
0 0.134922 0.246806 0.016823 0.026204
0 0.810911 0.336296 0.013802 0.024630
0 0.545885 0.816250 0.012083 0.021759
0 0.730104 0.376991 0.011875 0.022130
0 0.263411 0.272731 0.013385 0.021574
0 0.132500 0.412176 0.017187 0.026944
0 0.245286 0.683194 0.012865 0.022130
0 0.216615 0.733889 0.010417 0.020000
0 0.315000 0.600694 0.020000 0.028426
0 0.319115 0.433148 0.012813 0.020741
0 0.703802 0.571435 0.012917 0.021389
0 0.836901 0.786065 0.014323 0.022870
0 0.574271 0.410648 0.009271 0.016481
1 0.800417 0.849491 0.012604 0.017500
0 0.018802 0.221111 0.011250 0.023704
0 0.829245 0.721019 0.012344 0.021296
0 0.167214 0.597130 0.016823 0.030000
