0 0.294074 0.388411 0.024815 0.013281
0 0.237731 0.390521 0.023981 0.013125
0 0.461667 0.635781 0.025556 0.014896
0 0.533750 0.635182 0.033426 0.018698
0 0.032824 0.487135 0.039722 0.018125
0 0.278056 0.404219 0.021296 0.013125
0 0.063796 0.278099 0.030556 0.014115
0 0.720000 0.588307 0.018889 0.009219
0 0.905509 0.615781 0.022315 0.012500
0 0.879954 0.680391 0.025463 0.014219
0 0.665880 0.521094 0.026389 0.015208
0 0.104537 0.613411 0.024630 0.014115
0 0.049537 0.583698 0.038889 0.020000
0 0.592593 0.647682 0.029630 0.016302
0 0.107917 0.373490 0.029722 0.015521
0 0.793380 0.727422 0.028241 0.016510
0 0.920741 0.485703 0.024444 0.014219
0 0.859259 0.680208 0.022778 0.014479
0 0.818426 0.566875 0.024259 0.014583
0 0.893519 0.607891 0.022037 0.010885
0 0.968565 0.608047 0.025463 0.012865
0 0.561759 0.246562 0.030000 0.017188
0 0.943704 0.612396 0.021852 0.010104
0 0.516806 0.646979 0.022685 0.013750
0 0.914028 0.602448 0.025463 0.011667
0 0.015833 0.411224 0.023519 0.011719
0 0.929583 0.365208 0.023981 0.010417
0 0.597315 0.660729 0.030926 0.015312
0 0.737500 0.374115 0.035556 0.020313
0 0.620880 0.534766 0.032685 0.018177
0 0.301852 0.615599 0.028519 0.016302
0 0.360185 0.596927 0.030185 0.018021
0 0.650926 0.620078 0.032593 0.018490
0 0.746065 0.581823 0.019167 0.010000
0 0.088611 0.365625 0.030926 0.015104
0 0.367963 0.362578 0.025741 0.013594
0 0.802917 0.353177 0.032870 0.016979
0 0.640139 0.264479 0.025833 0.014896
0 0.651898 0.556484 0.028241 0.016510
0 0.060694 0.604688 0.033056 0.018021
0 0.331435 0.613620 0.030833 0.018594
0 0.629491 0.660807 0.030278 0.015885
0 0.675926 0.630911 0.030000 0.016719
0 0.897315 0.487708 0.025741 0.014375
0 0.293565 0.731797 0.036574 0.018802
0 0.431204 0.375208 0.019630 0.010104
0 0.809769 0.729089 0.023981 0.015781
0 0.936852 0.479687 0.022593 0.012812
0 0.250139 0.399479 0.022500 0.012396
0 0.438380 0.640365 0.024722 0.014375
0 0.992176 0.458021 0.015833 0.013125
0 0.638981 0.646875 0.022963 0.014583
0 0.562037 0.639818 0.031296 0.018802
0 0.060741 0.510052 0.015741 0.007917
0 0.789815 0.713281 0.031296 0.013438
0 0.687963 0.613542 0.026852 0.012188
0 0.977361 0.369505 0.021389 0.012344
0 0.730602 0.305078 0.022685 0.012969
0 0.606019 0.264583 0.025370 0.013750
0 0.278843 0.264010 0.032870 0.020000
0 0.306898 0.627266 0.024352 0.009844
0 0.913241 0.354635 0.020926 0.011250
0 0.590741 0.548411 0.030556 0.019323
0 0.237407 0.233620 0.028704 0.016510
0 0.294444 0.479401 0.035000 0.019115
