0 0.028490 0.699028 0.014583 0.021204
0 0.678490 0.653935 0.010521 0.021204
0 0.126693 0.852731 0.011719 0.022500
0 0.613490 0.710602 0.011563 0.024722
0 0.496719 0.586528 0.010000 0.020648
0 0.939375 0.653981 0.008854 0.015556
0 0.545130 0.375231 0.011823 0.018241
0 0.033776 0.754537 0.013802 0.021296
0 0.635911 0.956389 0.013802 0.025556
0 0.450417 0.837037 0.012187 0.023333
0 0.928411 0.644630 0.014219 0.022037
0 0.052630 0.475741 0.014115 0.023519
0 0.575495 0.530602 0.011615 0.019167
0 0.031823 0.717037 0.015417 0.022222
0 0.348307 0.560602 0.008594 0.017870
0 0.092734 0.386111 0.014219 0.024259
0 0.100417 0.347870 0.015521 0.022222
0 0.478490 0.649676 0.011979 0.020278
0 0.939714 0.507778 0.013802 0.020370
0 0.667474 0.420509 0.011094 0.020278
0 0.022292 0.757685 0.012292 0.021481
0 0.052891 0.758843 0.014115 0.020463
0 0.390781 0.800370 0.012292 0.021296
0 0.926693 0.515046 0.013906 0.020833
0 0.972708 0.450231 0.015104 0.023241
0 0.498698 0.424213 0.012708 0.021759
0 0.959401 0.528194 0.016302 0.024167
0 0.665078 0.707500 0.013802 0.025000
0 0.568880 0.712778 0.013698 0.026296
0 0.067083 0.746667 0.012812 0.021111
0 0.409688 0.797593 0.010521 0.021111
0 0.922292 0.664259 0.012708 0.020185
0 0.512135 0.724213 0.013021 0.023981
0 0.111016 0.739630 0.008594 0.014815
0 0.044766 0.742870 0.013281 0.020370
0 0.608229 0.759259 0.015417 0.029259
0 0.406693 0.732083 0.011719 0.022870
0 0.542214 0.774722 0.013281 0.025185
0 0.398776 0.749722 0.013281 0.026481
0 0.135781 0.451944 0.012292 0.019074
0 0.005182 0.656806 0.011094 0.022870
0 0.031510 0.434907 0.010417 0.018704
0 0.947682 0.450324 0.015781 0.021019
0 0.679818 0.425509 0.011615 0.020463
0 0.417109 0.691250 0.014010 0.022315
0 0.080286 0.374398 0.014323 0.023056
0 0.010000 0.815880 0.012917 0.020833
0 0.893516 0.483241 0.011510 0.018519
0 0.083490 0.299537 0.012812 0.018333
0 0.095104 0.721667 0.010208 0.016481
0 0.684010 0.642361 0.009583 0.020278
0 0.622891 0.823148 0.015781 0.030741
0 0.373073 0.790880 0.012187 0.023241
0 0.662292 0.813102 0.011979 0.022315
0 0.392292 0.780000 0.012708 0.024815
0 0.884297 0.421389 0.011719 0.020741
0 0.667891 0.683889 0.014323 0.024815
0 0.955833 0.551343 0.012917 0.019722
0 0.551094 0.493796 0.013021 0.021111
0 0.870313 0.657639 0.012292 0.020093
0 0.523411 0.495694 0.013385 0.021759
0 0.605807 0.709861 0.014323 0.027130
0 0.461667 0.834074 0.012083 0.022222
0 0.522188 0.590787 0.012604 0.020833
0 0.511432 0.609306 0.011823 0.020093
0 0.086120 0.569630 0.011823 0.018704
0 0.546875 0.518102 0.012500 0.021204
0 0.967604 0.475602 0.015208 0.023981
0 0.978594 0.719722 0.017083 0.026667
0 0.679219 0.398657 0.012500 0.021389
0 0.402188 0.812731 0.012292 0.024722
0 0.895781 0.443148 0.012708 0.020370
0 0.645599 0.790463 0.013177 0.025000
0 0.689896 0.619398 0.012500 0.022315
0 0.487500 0.579861 0.012500 0.022870
0 0.933594 0.665093 0.009479 0.016667
0 0.502812 0.605833 0.010104 0.018889
0 0.528594 0.517315 0.012396 0.020370
0 0.540208 0.509306 0.010417 0.018426
0 0.038385 0.444213 0.010417 0.020463
0 0.658594 0.421157 0.010208 0.019907
0 0.625286 0.709074 0.013281 0.025370
0 0.887370 0.695926 0.010781 0.020926
0 0.395000 0.550324 0.009375 0.016944
0 0.125182 0.333889 0.013490 0.020370
0 0.489219 0.418056 0.010000 0.018889
0 0.583802 0.767685 0.014792 0.029259
0 0.894792 0.692269 0.012083 0.022685
0 0.053516 0.895694 0.013698 0.023426
0 0.993776 0.717083 0.012448 0.027685
0 0.448125 0.857917 0.010000 0.020093
0 0.140208 0.854444 0.009583 0.019815
0 0.131823 0.642130 0.008125 0.015926
0 0.474427 0.866019 0.010625 0.020741
0 0.388099 0.707593 0.013177 0.025556
0 0.495286 0.640556 0.011719 0.019444
0 0.098984 0.561759 0.013385 0.020370
0 0.602292 0.822361 0.017188 0.031759
0 0.987917 0.634861 0.014792 0.021759
0 0.921198 0.685556 0.011042 0.014444
0 0.676432 0.777546 0.014219 0.025278
1 0.075677 0.888843 0.010833 0.010093
0 0.140260 0.660185 0.007812 0.013704
0 0.476536 0.880509 0.009010 0.013241
0 0.669167 0.661157 0.009479 0.020648
0 0.630104 0.805880 0.009375 0.018056
0 0.524427 0.807361 0.009896 0.018056
0 0.485807 0.640370 0.008906 0.017593
0 0.570208 0.549213 0.007812 0.016204
0 0.020807 0.818333 0.013281 0.021481
0 0.378307 0.774120 0.013490 0.025833
0 0.613620 0.959954 0.016406 0.030833
0 0.905182 0.735648 0.011094 0.019815
0 0.655182 0.806204 0.013281 0.024630
0 0.651823 0.965787 0.015417 0.028241
0 0.020625 0.432778 0.010104 0.018704
