0 0.975694 0.457995 0.034167 0.016719
0 0.499444 0.494714 0.028333 0.016094
0 0.367639 0.895286 0.032685 0.024219
0 0.137454 0.714792 0.055093 0.024375
0 0.498426 0.666510 0.028704 0.020625
0 0.987963 0.667708 0.025741 0.019375
0 0.591481 0.468073 0.030741 0.016979
0 0.661574 0.448594 0.027037 0.012396
0 0.992917 0.478516 0.015093 0.016823
0 0.470324 0.728906 0.031204 0.019479
0 0.321250 0.915599 0.041389 0.025677
0 0.176806 0.085182 0.046574 0.028906
0 0.280324 0.734089 0.051574 0.028594
0 0.323981 0.401302 0.033519 0.017813
0 0.378981 0.760026 0.044815 0.024010
0 0.344167 0.957500 0.035926 0.027708
0 0.963843 0.686510 0.033426 0.017500
0 0.613981 0.460182 0.029074 0.018698
0 0.420648 0.584792 0.032037 0.015313
0 0.565370 0.537109 0.029259 0.015781
0 0.444213 0.961875 0.038056 0.027083
0 0.570185 0.555911 0.029074 0.016198
0 0.911065 0.583464 0.031574 0.017760
0 0.235231 0.086693 0.036204 0.026094
0 0.363009 0.930807 0.040278 0.026719
0 0.172546 0.700313 0.051944 0.027292
0 0.413889 0.973594 0.039444 0.024479
0 0.630185 0.492031 0.030000 0.015625
0 0.012454 0.395391 0.026019 0.023281
0 0.989676 0.464688 0.020463 0.015208
0 0.396991 0.581510 0.026944 0.015000
0 0.524074 0.510833 0.024630 0.014271
0 0.499583 0.623099 0.023611 0.014010
0 0.012870 0.346094 0.026296 0.027292
0 0.340278 0.421172 0.027407 0.015781
0 0.627731 0.441302 0.031944 0.017708
0 0.290602 0.887292 0.036204 0.025417
0 0.499120 0.720104 0.028796 0.017292
0 0.288565 0.128906 0.047315 0.027188
0 0.439167 0.724010 0.029074 0.020417
