0 0.125880 0.476797 0.033981 0.018802
0 0.959722 0.654687 0.030926 0.015417
0 0.273009 0.453385 0.031574 0.017500
0 0.202361 0.351615 0.028981 0.017188
0 0.434491 0.529297 0.024722 0.014323
0 0.293102 0.363672 0.025093 0.015885
0 0.115046 0.555391 0.028241 0.014219
0 0.198426 0.559089 0.028333 0.015885
0 0.332546 0.444401 0.029722 0.016510
0 0.278611 0.343099 0.027593 0.013906
0 0.084352 0.707578 0.030741 0.015990
0 0.368750 0.446771 0.028611 0.014687
0 0.940324 0.606094 0.027130 0.014896
0 0.254491 0.580208 0.031019 0.017396
1 0.989259 0.679896 0.017963 0.012500
0 0.957176 0.594193 0.027870 0.014115
0 0.199398 0.572370 0.022130 0.011823
0 0.049722 0.541589 0.026667 0.012969
0 0.260972 0.600703 0.017500 0.009531
0 0.897130 0.626380 0.026481 0.013385
0 0.120833 0.642500 0.023704 0.013125
0 0.691991 0.533620 0.020833 0.011719
0 0.276250 0.357214 0.023611 0.013281
0 0.313889 0.456380 0.025185 0.014635
0 0.216528 0.566693 0.015278 0.009115
0 0.394769 0.452578 0.019907 0.010781
0 0.026898 0.545807 0.022315 0.012344
0 0.979676 0.632786 0.020093 0.012656
0 0.848750 0.597630 0.023056 0.012969
0 0.017222 0.490104 0.034444 0.020417
0 0.217130 0.603099 0.025741 0.014948
0 0.273796 0.576979 0.022778 0.015000
0 0.406019 0.532109 0.028704 0.013594
0 0.246065 0.603672 0.025463 0.013281
0 0.070093 0.430885 0.027037 0.014479
0 0.197639 0.477474 0.031204 0.016094
0 0.425694 0.629297 0.019907 0.013177
0 0.059630 0.533177 0.032037 0.017396
0 0.009167 0.535990 0.020000 0.015625
0 0.905880 0.600182 0.022500 0.013594
0 0.818472 0.604688 0.019722 0.012917
0 0.053750 0.584922 0.025833 0.013698
0 0.347083 0.452526 0.023981 0.013906
0 0.340139 0.550182 0.026019 0.013802
0 0.094537 0.480104 0.029444 0.017708
0 0.113704 0.403490 0.024074 0.012708
0 0.254769 0.470313 0.033796 0.017604
0 0.132639 0.547578 0.031204 0.015677
0 0.904815 0.574896 0.027593 0.014375
0 0.102083 0.704089 0.026019 0.016094
0 0.168796 0.564115 0.030370 0.016979
0 0.002546 0.544219 0.005278 0.014688
0 0.163750 0.467083 0.025833 0.014687
0 0.994259 0.601484 0.012407 0.015885
0 0.734861 0.531927 0.016204 0.010417
0 0.708056 0.548099 0.020556 0.013177
