0 0.292778 0.260990 0.031296 0.017396
0 0.233380 0.365260 0.028241 0.014792
0 0.067500 0.686589 0.032593 0.018594
0 0.433241 0.417214 0.024815 0.013490
0 0.667685 0.496771 0.018889 0.011042
0 0.399491 0.281250 0.026389 0.014583
1 0.023194 0.907109 0.033611 0.020781
0 0.125093 0.277370 0.030926 0.016615
0 0.416111 0.412422 0.028333 0.015573
0 0.143935 0.741823 0.025833 0.015208
0 0.100509 0.276901 0.020648 0.013802
0 0.275463 0.510573 0.022593 0.012604
0 0.927639 0.442682 0.011574 0.009010
0 0.948750 0.437578 0.015278 0.008906
0 0.177639 0.361510 0.026759 0.017083
0 0.869769 0.571797 0.022870 0.012969
0 0.404213 0.410365 0.024907 0.015833
0 0.219722 0.726406 0.031481 0.019375
0 0.915278 0.444219 0.019815 0.010208
0 0.063935 0.627292 0.031389 0.017708
0 0.683981 0.523307 0.028333 0.016198
0 0.323889 0.570234 0.032593 0.019323
0 0.332222 0.378984 0.031481 0.018385
0 0.089630 0.513490 0.027222 0.014896
0 0.622593 0.474323 0.027963 0.015104
0 0.268704 0.579922 0.030556 0.018698
0 0.304537 0.374219 0.033889 0.017604
0 0.186898 0.326823 0.028981 0.017708
0 0.898611 0.579427 0.023519 0.012812
0 0.215278 0.582422 0.024259 0.016510
0 0.991389 0.540807 0.017222 0.013490
0 0.991343 0.448177 0.018056 0.012396
0 0.933611 0.447187 0.018519 0.009688
0 0.126157 0.463516 0.030278 0.014115
0 0.300556 0.577109 0.022963 0.015885
0 0.534213 0.503516 0.024167 0.014323
0 0.317546 0.621406 0.024722 0.012396
0 0.946759 0.420599 0.023704 0.011823
0 0.070231 0.560234 0.023981 0.012969
0 0.547037 0.544609 0.032037 0.016823
0 0.167639 0.661797 0.028611 0.018698
0 0.242593 0.717578 0.027778 0.018802
0 0.625648 0.513125 0.028519 0.015104
0 0.078287 0.493880 0.031204 0.015677
0 0.251481 0.235495 0.028704 0.015885
0 0.969676 0.444896 0.022870 0.012292
0 0.202639 0.362682 0.029537 0.016406
0 0.375509 0.296693 0.031389 0.018906
0 0.310093 0.302187 0.027407 0.016979
0 0.651157 0.517578 0.021944 0.013802
0 0.715324 0.582786 0.029537 0.015990
0 0.356574 0.625807 0.027037 0.016510
0 0.267083 0.675677 0.033796 0.016979
0 0.010833 0.414193 0.022407 0.014219
0 0.625694 0.567370 0.023426 0.013490
0 0.338194 0.644479 0.026389 0.014792
0 0.355509 0.653906 0.026389 0.015313
0 0.389028 0.658099 0.028241 0.014323
0 0.507870 0.666224 0.026667 0.014219
0 0.239306 0.580078 0.029722 0.018490
0 0.212917 0.642786 0.032500 0.019323
0 0.884676 0.584818 0.026019 0.014219
0 0.540694 0.551667 0.029167 0.014479
0 0.087778 0.636198 0.033704 0.019583
0 0.668009 0.581380 0.028056 0.015781
0 0.169861 0.468516 0.035833 0.019010
0 0.137593 0.664375 0.032222 0.019687
0 0.498565 0.514219 0.031944 0.017396
0 0.068796 0.484323 0.032593 0.017708
0 0.272685 0.398672 0.029074 0.016094
0 0.178009 0.257526 0.033241 0.019115
0 0.282222 0.664010 0.034259 0.019375
0 0.535787 0.518984 0.030278 0.018177
