0 0.170885 0.621944 0.011979 0.017407
0 0.562917 0.529861 0.012604 0.023241
0 0.620625 0.571852 0.010000 0.018148
0 0.721745 0.745787 0.011094 0.020648
0 0.309245 0.885926 0.012760 0.024074
0 0.011328 0.882500 0.016719 0.027593
0 0.667839 0.654583 0.007656 0.016759
0 0.655104 0.618889 0.012292 0.020000
0 0.645104 0.664120 0.008958 0.016389
0 0.969323 0.564306 0.011875 0.017870
0 0.668203 0.622778 0.011094 0.019630
0 0.848906 0.751852 0.014583 0.023704
0 0.005911 0.592870 0.010885 0.020926
0 0.204609 0.440926 0.013281 0.023704
0 0.644036 0.548611 0.011823 0.022407
0 0.633099 0.425509 0.011719 0.021019
0 0.527500 0.667407 0.009688 0.019259
0 0.717812 0.812130 0.013125 0.021111
0 0.706094 0.814907 0.010625 0.017593
0 0.282630 0.582176 0.016510 0.028611
0 0.536510 0.676759 0.009688 0.022037
0 0.561302 0.548657 0.013125 0.021574
0 0.195182 0.679352 0.011406 0.017963
0 0.144583 0.692500 0.014896 0.024259
0 0.161302 0.697593 0.014687 0.026296
0 0.287786 0.595694 0.015990 0.027130
0 0.165833 0.605787 0.015521 0.024722
0 0.224271 0.619491 0.017083 0.027500
0 0.019167 0.588843 0.016979 0.027315
0 0.668594 0.667963 0.007812 0.013333
0 0.234219 0.762454 0.008646 0.017315
0 0.228724 0.730972 0.008073 0.016944
0 0.263802 0.816528 0.010937 0.017870
0 0.295625 0.903102 0.009167 0.017870
0 0.323750 0.870972 0.010833 0.022130
0 0.541042 0.453843 0.011875 0.019537
0 0.620781 0.546157 0.008854 0.017130
0 0.624609 0.658333 0.008385 0.014630
0 0.632370 0.664722 0.007865 0.014259
0 0.877630 0.757685 0.010885 0.019074
0 0.945104 0.738889 0.008646 0.015741
0 0.950677 0.733426 0.008646 0.014630
0 0.888047 0.625046 0.010052 0.016019
0 0.861432 0.624861 0.010365 0.019537
0 0.906771 0.688287 0.008542 0.015463
0 0.971276 0.753380 0.008490 0.013981
0 0.960234 0.759630 0.008281 0.014444
0 0.980781 0.564954 0.010208 0.016759
0 0.947135 0.552269 0.011354 0.016944
0 0.937188 0.534630 0.009375 0.015370
0 0.944010 0.521204 0.011875 0.016667
0 0.951823 0.472917 0.009896 0.014722
0 0.958984 0.460000 0.009948 0.015000
0 0.922630 0.468426 0.010781 0.016296
0 0.799245 0.686343 0.010260 0.019167
0 0.677188 0.599074 0.012812 0.022222
0 0.639661 0.653750 0.010573 0.020278
0 0.004167 0.657593 0.009375 0.022963
0 0.686823 0.630972 0.011250 0.021574
0 0.688125 0.682315 0.008958 0.015926
0 0.685104 0.600463 0.010312 0.023148
0 0.122161 0.628843 0.010781 0.018796
0 0.897839 0.876806 0.009010 0.017315
0 0.741276 0.738796 0.010156 0.016852
0 0.868464 0.854769 0.011719 0.019537
0 0.814870 0.884167 0.010260 0.020185
0 0.779349 0.802269 0.008802 0.016944
0 0.711172 0.741343 0.009948 0.018796
