0 0.212593 0.412161 0.014815 0.007760
0 0.527870 0.438385 0.021481 0.012187
0 0.762824 0.329089 0.014167 0.009427
0 0.768194 0.345677 0.017870 0.010000
0 0.752222 0.347500 0.018333 0.009792
0 0.990509 0.458411 0.017870 0.010052
0 0.886667 0.486771 0.019259 0.009896
0 0.683148 0.561224 0.025741 0.016094
0 0.507500 0.254010 0.024259 0.014167
0 0.358148 0.395052 0.024259 0.013021
0 0.202315 0.412917 0.017593 0.010521
0 0.988796 0.469297 0.022407 0.011094
0 0.900324 0.391745 0.019167 0.010573
0 0.349398 0.495391 0.022130 0.013281
0 0.835324 0.517083 0.022685 0.012708
0 0.928056 0.349479 0.025741 0.014896
0 0.710278 0.381771 0.029444 0.017188
0 0.630602 0.540911 0.023241 0.011823
0 0.495046 0.487083 0.026944 0.014375
0 0.387037 0.488411 0.025185 0.013281
0 0.747222 0.394297 0.027593 0.015677
0 0.543194 0.359479 0.025278 0.012500
0 0.884630 0.405208 0.023519 0.012500
0 0.655787 0.553490 0.025833 0.012292
0 0.870370 0.411615 0.021481 0.010521
0 0.847963 0.395990 0.022593 0.012813
0 0.272639 0.434896 0.017315 0.010312
0 0.762176 0.536380 0.021019 0.011406
0 0.378333 0.374401 0.029074 0.013281
0 0.223796 0.401979 0.020741 0.009688
0 0.478611 0.497917 0.026667 0.015625
0 0.553194 0.523281 0.021759 0.011875
0 0.487917 0.564687 0.022130 0.010521
0 0.575509 0.421224 0.022685 0.013698
0 0.656667 0.253802 0.032778 0.016875
0 0.792176 0.507292 0.017500 0.009896
0 0.515231 0.349818 0.025278 0.013698
0 0.796852 0.514688 0.019630 0.010625
0 0.678426 0.373906 0.027778 0.014583
0 0.368796 0.492083 0.021111 0.012396
0 0.742870 0.606693 0.023519 0.013698
0 0.913796 0.336172 0.025000 0.013177
0 0.689954 0.343698 0.028981 0.017500
0 0.775602 0.356901 0.028241 0.015885
