0 0.411713 0.402422 0.041204 0.027656
2 0.043889 0.456406 0.053333 0.031979
0 0.980046 0.275677 0.042500 0.027396
0 0.290972 0.293620 0.046204 0.026302
0 0.021389 0.641380 0.042778 0.025885
0 0.944074 0.700104 0.041111 0.022604
0 0.174537 0.729453 0.041296 0.023385
0 0.481111 0.479531 0.037963 0.015000
0 0.107407 0.319193 0.048148 0.030365
0 0.687361 0.627682 0.048611 0.026406
0 0.823102 0.625703 0.042500 0.023073
0 0.403426 0.672396 0.044259 0.025417
0 0.977454 0.680807 0.038796 0.021927
0 0.475648 0.491406 0.042037 0.023646
0 0.106296 0.627396 0.044630 0.024583
0 0.376528 0.253385 0.040093 0.022292
0 0.023935 0.429245 0.046574 0.027135
0 0.404722 0.236536 0.038519 0.021510
0 0.039630 0.655833 0.042037 0.020313
0 0.535509 0.524948 0.043611 0.024792
0 0.223287 0.355885 0.046574 0.026562
0 0.095972 0.248724 0.054537 0.030365
0 0.076944 0.615911 0.041667 0.023385
0 0.356065 0.764740 0.044722 0.024896
0 0.116528 0.266068 0.033796 0.021302
0 0.155509 0.720260 0.041944 0.021979
0 0.133796 0.732318 0.033889 0.020677
0 0.718981 0.575990 0.044444 0.023750
0 0.115556 0.511875 0.045000 0.024896
0 0.331898 0.228099 0.036574 0.020885
0 0.422593 0.444115 0.041111 0.024583
0 0.391343 0.451510 0.045833 0.026354
0 0.226204 0.188568 0.045370 0.025781
0 0.365787 0.437526 0.049537 0.028073
0 0.563565 0.674661 0.037870 0.021615
0 0.753565 0.592083 0.049167 0.025312
0 0.885833 0.469323 0.072593 0.041875
0 0.645880 0.591536 0.046019 0.025156
0 0.878796 0.620208 0.047593 0.026354
0 0.089028 0.526563 0.053241 0.028333
0 0.918889 0.226328 0.037407 0.021615
