0 0.318889 0.307161 0.043148 0.022865
0 0.885694 0.955729 0.038981 0.025000
0 0.251574 0.781719 0.052407 0.031354
0 0.386111 0.926901 0.043889 0.026094
0 0.475278 0.576745 0.035926 0.023385
0 0.949769 0.861146 0.058611 0.037708
0 0.336759 0.501641 0.058148 0.034115
0 0.428935 0.556510 0.045463 0.026667
0 0.925648 0.967604 0.046111 0.031146
0 0.187639 0.852135 0.049537 0.031563
0 0.375000 0.563307 0.052037 0.030052
0 0.575231 0.616198 0.051204 0.029792
0 0.310231 0.552552 0.055833 0.031354
0 0.476157 0.622448 0.055833 0.032917
0 0.629954 0.735104 0.048426 0.028021
0 0.430602 0.259062 0.031574 0.017812
1 0.264954 0.944375 0.043611 0.025521
0 0.069028 0.526510 0.049352 0.027083
0 0.698148 0.346979 0.050000 0.027708
0 0.124676 0.854427 0.048796 0.027917
0 0.342870 0.585729 0.033519 0.024271
0 0.229213 0.509557 0.046204 0.027135
0 0.963519 0.730391 0.060741 0.038490
