0 0.654815 0.364505 0.049074 0.028281
2 0.528519 0.468177 0.095926 0.042500
2 0.439167 0.464349 0.060185 0.029219
0 0.196898 0.168333 0.065093 0.034896
0 0.259907 0.145391 0.049815 0.029427
0 0.656898 0.259505 0.056019 0.031510
0 0.827731 0.247604 0.038796 0.022187
0 0.790787 0.262917 0.043796 0.022188
0 0.750556 0.301120 0.045185 0.027448
0 0.220880 0.388516 0.038611 0.022448
0 0.189907 0.404401 0.035741 0.021510
0 0.513102 0.380807 0.045463 0.025885
0 0.597824 0.743672 0.039722 0.017031
0 0.557130 0.744115 0.038333 0.023021
0 0.592593 0.731953 0.041296 0.021406
0 0.399954 0.683385 0.049537 0.028854
0 0.435602 0.662578 0.043241 0.026094
0 0.498935 0.665755 0.040463 0.021615
0 0.488102 0.650964 0.047870 0.024948
0 0.457454 0.628255 0.049352 0.029427
0 0.624213 0.642292 0.042870 0.025000
0 0.589028 0.628958 0.041389 0.021875
0 0.627407 0.522318 0.049444 0.024531
0 0.616157 0.539349 0.050278 0.028281
0 0.302037 0.579219 0.034815 0.020313
0 0.304769 0.547682 0.031759 0.017031
0 0.271898 0.539870 0.031389 0.021302
0 0.284630 0.526719 0.036852 0.027500
0 0.321713 0.524922 0.044352 0.026094
0 0.558935 0.457656 0.040278 0.022917
0 0.711667 0.792188 0.027407 0.013646
0 0.852407 0.689193 0.046111 0.027552
0 0.819954 0.784948 0.044352 0.026667
0 0.987176 0.692656 0.025648 0.020313
0 0.990509 0.625391 0.018981 0.026406
0 0.981019 0.496458 0.028148 0.019896
0 0.986991 0.507839 0.026019 0.024531
0 0.910046 0.458568 0.029907 0.022448
0 0.883287 0.466719 0.052315 0.024167
0 0.869907 0.452005 0.053333 0.026615
0 0.913194 0.416120 0.044352 0.026615
