0 0.302037 0.449297 0.023889 0.011823
0 0.874907 0.593359 0.019444 0.012656
0 0.893194 0.591875 0.021389 0.013750
0 0.856296 0.594010 0.020556 0.010625
0 0.688194 0.693698 0.026019 0.012813
0 0.168009 0.553229 0.029722 0.015417
0 0.400093 0.551979 0.019815 0.010208
0 0.197315 0.620495 0.020000 0.011615
0 0.600509 0.516797 0.031574 0.016615
0 0.682500 0.599714 0.031667 0.018177
0 0.674815 0.605495 0.029815 0.016615
0 0.178935 0.574896 0.022315 0.011875
0 0.223333 0.607135 0.019815 0.010521
0 0.036898 0.578229 0.035278 0.017708
0 0.772917 0.563698 0.032500 0.017083
0 0.031991 0.622891 0.031944 0.016823
0 0.688148 0.368307 0.033519 0.018698
0 0.745648 0.658594 0.033333 0.019375
0 0.086157 0.308594 0.020278 0.012604
0 0.064028 0.585469 0.024537 0.011875
0 0.412593 0.541484 0.022037 0.011302
0 0.114676 0.527891 0.019537 0.011406
0 0.143380 0.549297 0.024907 0.013281
0 0.567083 0.508594 0.032500 0.017604
0 0.349074 0.410781 0.022407 0.011979
0 0.236481 0.582526 0.021296 0.011406
0 0.054537 0.237500 0.022037 0.012083
0 0.199167 0.562109 0.030185 0.015677
0 0.394306 0.413099 0.021204 0.011406
0 0.229630 0.611198 0.018519 0.009896
0 0.096343 0.297526 0.021019 0.011615
0 0.121620 0.411719 0.023426 0.013021
0 0.252037 0.526484 0.026667 0.013698
0 0.900417 0.493776 0.039167 0.020885
0 0.639120 0.385417 0.033796 0.019792
0 0.019722 0.526927 0.040926 0.023125
0 0.046667 0.542370 0.035556 0.018385
0 0.738981 0.476823 0.029630 0.016667
0 0.808380 0.489661 0.020093 0.009635
0 0.577963 0.524974 0.017778 0.009740
0 0.625093 0.517266 0.016481 0.008802
0 0.617361 0.504609 0.017130 0.009740
0 0.597731 0.503177 0.026944 0.010417
0 0.168194 0.447813 0.021944 0.013438
0 0.062130 0.268776 0.019444 0.010469
0 0.028426 0.221406 0.021481 0.010937
0 0.140278 0.646536 0.021667 0.012656
0 0.118704 0.685677 0.021481 0.011875
0 0.255046 0.576693 0.021204 0.011510
0 0.378889 0.553281 0.019444 0.010208
0 0.130093 0.677708 0.021667 0.012083
0 0.095417 0.695990 0.022870 0.012604
0 0.151019 0.576901 0.024444 0.013906
0 0.540417 0.621901 0.021759 0.013802
0 0.651759 0.518229 0.025741 0.015208
0 0.053333 0.526380 0.028704 0.015990
0 0.280787 0.420781 0.027685 0.014688
0 0.711759 0.483073 0.031481 0.017292
0 0.294352 0.438099 0.024444 0.013490
0 0.321713 0.431875 0.028056 0.014687
0 0.186620 0.631797 0.022685 0.011823
0 0.703102 0.667526 0.032870 0.018802
0 0.182870 0.623516 0.022593 0.011510
0 0.708519 0.391198 0.021667 0.012083
0 0.316481 0.595885 0.024259 0.012813
0 0.180880 0.641224 0.022130 0.011302
0 0.151944 0.675104 0.025370 0.012188
0 0.341250 0.552786 0.028426 0.014115
0 0.176667 0.561068 0.025000 0.012240
0 0.544259 0.506510 0.020000 0.009896
0 0.637454 0.433073 0.029537 0.013958
0 0.821204 0.665807 0.026481 0.012969
0 0.316713 0.625260 0.019352 0.011771
0 0.157593 0.645286 0.022222 0.013490
0 0.799954 0.566875 0.027685 0.017604
0 0.299306 0.621302 0.019537 0.011979
0 0.138056 0.464818 0.025185 0.014115
0 0.571111 0.291927 0.023889 0.013437
0 0.078611 0.507031 0.027222 0.018750
0 0.751944 0.670339 0.031667 0.014531
0 0.637407 0.352214 0.029444 0.015781
0 0.534491 0.384401 0.032130 0.018906
0 0.345370 0.509375 0.024815 0.014375
