0 0.952315 0.624583 0.026296 0.015104
0 0.141204 0.590911 0.024259 0.011302
0 0.889676 0.586510 0.018981 0.009271
0 0.892222 0.567917 0.017593 0.009896
0 0.940926 0.556615 0.023333 0.009271
0 0.011250 0.436875 0.023056 0.014375
0 0.903009 0.639010 0.025278 0.012396
0 0.153426 0.505000 0.032963 0.017083
0 0.161111 0.544375 0.027778 0.017083
0 0.192361 0.523203 0.024907 0.013906
0 0.272407 0.328021 0.023333 0.012917
0 0.932639 0.632422 0.024722 0.013698
0 0.057685 0.605104 0.022593 0.012396
0 0.006204 0.611615 0.012778 0.015104
0 0.887546 0.531406 0.022130 0.012083
0 0.888194 0.549792 0.021204 0.011979
0 0.907593 0.629115 0.025370 0.012917
0 0.957778 0.573802 0.021481 0.012292
0 0.908843 0.445807 0.021944 0.013177
0 0.180463 0.648125 0.026296 0.015000
0 0.984167 0.566406 0.022963 0.012812
0 0.247685 0.317812 0.022593 0.012187
0 0.044861 0.324115 0.027685 0.014583
0 0.160463 0.634479 0.026111 0.015208
0 0.116157 0.592500 0.026204 0.015104
0 0.903148 0.617812 0.025741 0.012708
0 0.721852 0.524401 0.027778 0.014323
0 0.148657 0.584974 0.025278 0.015781
0 0.184306 0.631510 0.027685 0.015208
0 0.971713 0.486302 0.023241 0.012500
0 0.995324 0.431667 0.010278 0.012083
0 0.240324 0.325234 0.021944 0.011823
0 0.169954 0.531719 0.024167 0.014896
0 0.988148 0.444297 0.021111 0.013594
0 0.765556 0.533620 0.025000 0.013906
0 0.885926 0.632214 0.020926 0.013490
0 0.234352 0.279583 0.027778 0.014479
0 0.709398 0.573698 0.023796 0.013021
0 0.155880 0.652500 0.027685 0.014792
0 0.893056 0.594323 0.025741 0.014063
0 0.011343 0.447240 0.021389 0.009271
0 0.193102 0.532552 0.023981 0.009583
0 0.044120 0.614661 0.017130 0.008698
0 0.837269 0.545443 0.018056 0.010052
0 0.736759 0.567839 0.023333 0.012135
