0 0.978981 0.374297 0.027407 0.014323
0 0.258056 0.358151 0.020741 0.010990
0 0.924398 0.385547 0.025093 0.013177
0 0.884028 0.505521 0.020278 0.012292
0 0.023750 0.181484 0.031759 0.016719
0 0.938102 0.376198 0.024537 0.012396
0 0.054074 0.407083 0.026667 0.014688
0 0.819676 0.365938 0.023426 0.013125
0 0.061574 0.531771 0.028333 0.014583
0 0.080926 0.240990 0.023704 0.012083
0 0.137546 0.437292 0.024167 0.011979
0 0.859398 0.523698 0.022870 0.012708
0 0.783889 0.455495 0.019444 0.011615
0 0.288565 0.369219 0.020463 0.010625
0 0.869028 0.354219 0.021204 0.012708
0 0.848009 0.471016 0.020278 0.011510
0 0.959769 0.329323 0.032130 0.015625
0 0.218889 0.370911 0.019630 0.011094
0 0.671157 0.357708 0.022685 0.013125
0 0.255278 0.326797 0.023519 0.013177
0 0.082870 0.399115 0.029630 0.014583
0 0.238519 0.357500 0.023704 0.012500
0 0.890000 0.266432 0.026296 0.014115
0 0.018519 0.282005 0.024630 0.013177
0 0.006944 0.305625 0.014815 0.012917
0 0.995093 0.371719 0.011296 0.015417
0 0.032917 0.483672 0.028241 0.015677
0 0.738657 0.421849 0.018241 0.010781
0 0.870556 0.239974 0.025370 0.013594
0 0.699491 0.431823 0.023056 0.012708
0 0.217824 0.286432 0.025833 0.014219
0 0.039167 0.320104 0.025370 0.012500
0 0.675556 0.378958 0.020556 0.012292
0 0.854074 0.352734 0.024074 0.014219
0 0.100556 0.232396 0.022222 0.012292
0 0.102037 0.452188 0.025926 0.013125
0 0.604583 0.363490 0.018611 0.010937
0 0.654028 0.361172 0.021759 0.013594
0 0.127454 0.333594 0.027315 0.015313
0 0.128241 0.403620 0.025556 0.013906
0 0.086574 0.455911 0.029259 0.013281
0 0.893380 0.225807 0.025833 0.014219
0 0.261759 0.297786 0.022037 0.011510
0 0.986389 0.477578 0.023519 0.013385
0 0.703704 0.418620 0.025185 0.014219
0 0.151296 0.448281 0.023519 0.012500
0 0.025694 0.224193 0.023426 0.013698
0 0.900880 0.356667 0.024722 0.014479
0 0.127778 0.463984 0.025926 0.014010
0 0.124028 0.417135 0.025463 0.015521
0 0.849259 0.248021 0.023333 0.012813
0 0.684491 0.361198 0.020278 0.012396
0 0.674074 0.401198 0.021481 0.012083
