0 0.755495 0.634491 0.016719 0.030463
0 0.004687 0.690185 0.009479 0.020185
0 0.003880 0.555741 0.008594 0.021296
0 0.523594 0.764352 0.012604 0.019815
0 0.002891 0.992778 0.006615 0.015556
0 0.172578 0.664537 0.008594 0.014259
0 0.043411 0.825278 0.013281 0.023333
0 0.075938 0.853981 0.012708 0.020185
0 0.087734 0.851806 0.012448 0.019722
0 0.107917 0.837315 0.012292 0.020185
0 0.122708 0.837685 0.011771 0.019444
0 0.169453 0.652731 0.010885 0.014907
0 0.054036 0.566759 0.009010 0.013704
0 0.471068 0.840278 0.013802 0.026667
0 0.546953 0.781111 0.010677 0.021667
0 0.574141 0.738981 0.009219 0.018519
0 0.617917 0.677731 0.009896 0.018796
0 0.977813 0.679583 0.012396 0.020833
0 0.744219 0.852500 0.013646 0.025556
0 0.767161 0.828472 0.015677 0.024907
0 0.706823 0.834398 0.012708 0.017315
0 0.512500 0.620509 0.014583 0.027685
0 0.636979 0.809861 0.008542 0.016389
0 0.523568 0.784444 0.013177 0.021481
0 0.072708 0.694074 0.015000 0.024074
0 0.596823 0.686111 0.010104 0.019815
0 0.767526 0.712731 0.014219 0.027130
0 0.552188 0.478750 0.012708 0.021019
0 0.114922 0.737778 0.011510 0.019630
0 0.982682 0.789120 0.016510 0.023981
0 0.503385 0.849074 0.012188 0.021296
0 0.521484 0.548102 0.010781 0.021389
0 0.427396 0.650602 0.013125 0.021019
0 0.634922 0.721481 0.011510 0.020926
0 0.606484 0.475602 0.011510 0.022130
0 0.203594 0.637731 0.010417 0.016204
0 0.618099 0.379861 0.013802 0.021759
0 0.552891 0.678657 0.010781 0.018796
0 0.576094 0.659213 0.012813 0.021389
0 0.378776 0.559676 0.010677 0.018426
0 0.685729 0.696296 0.015208 0.025926
0 0.697266 0.783565 0.013281 0.026019
0 0.369609 0.565417 0.011198 0.019167
0 0.492526 0.583519 0.014010 0.023889
0 0.602083 0.606620 0.012500 0.020463
0 0.670208 0.818287 0.008021 0.014907
0 0.409115 0.628889 0.014479 0.022407
0 0.064766 0.719213 0.015781 0.022685
0 0.652292 0.552870 0.011979 0.019630
0 0.747995 0.597361 0.016094 0.029907
0 0.629609 0.815324 0.011198 0.020278
0 0.779583 0.773194 0.014375 0.025093
0 0.551484 0.418843 0.011615 0.020278
0 0.536615 0.747917 0.012500 0.021389
0 0.706016 0.819491 0.013594 0.025093
0 0.508984 0.755694 0.013802 0.023611
0 0.566120 0.539028 0.011823 0.019722
0 0.045521 0.749120 0.015521 0.026019
0 0.162031 0.669861 0.010313 0.016944
0 0.688620 0.727454 0.013490 0.026944
0 0.629297 0.792639 0.011615 0.022315
0 0.411120 0.652407 0.013802 0.021481
0 0.086510 0.684259 0.014375 0.022778
0 0.390807 0.679769 0.011302 0.020278
0 0.051589 0.842778 0.013490 0.023333
0 0.436719 0.931343 0.012604 0.023241
0 0.412786 0.579398 0.013594 0.022685
0 0.228594 0.629630 0.009479 0.015926
0 0.085078 0.814213 0.013177 0.023426
0 0.151172 0.444306 0.013281 0.020278
0 0.218229 0.627963 0.010208 0.017037
0 0.553776 0.522315 0.011094 0.019815
0 0.535807 0.502917 0.010990 0.019907
0 0.166094 0.470000 0.012188 0.019815
0 0.202292 0.652731 0.009687 0.015833
0 0.044609 0.413148 0.013177 0.019074
0 0.966615 0.807083 0.017083 0.027500
0 0.503984 0.576481 0.011510 0.019444
0 0.192526 0.662269 0.008906 0.014722
0 0.175703 0.428241 0.011198 0.018333
0 0.231510 0.609167 0.010208 0.017593
0 0.095573 0.836759 0.012396 0.021481
0 0.650521 0.406019 0.012708 0.020370
0 0.245078 0.612639 0.008906 0.017500
0 0.586615 0.663750 0.009792 0.018426
0 0.562682 0.489120 0.011198 0.020463
0 0.029010 0.814861 0.014687 0.023056
0 0.167891 0.631667 0.011302 0.020370
0 0.595990 0.476204 0.012396 0.022593
0 0.692031 0.749444 0.015625 0.029259
0 0.184401 0.662130 0.008490 0.014074
0 0.084974 0.661852 0.013698 0.022037
0 0.770703 0.890278 0.011302 0.020556
0 0.593203 0.390880 0.011615 0.018056
0 0.050208 0.724583 0.015208 0.023241
0 0.122292 0.818056 0.012708 0.020000
0 0.585703 0.766898 0.010781 0.019722
0 0.129505 0.633796 0.010781 0.018333
0 0.576693 0.475324 0.011719 0.021944
0 0.191406 0.647824 0.010417 0.016759
0 0.585781 0.477269 0.010208 0.021574
0 0.599531 0.764352 0.010417 0.017778
0 0.498906 0.732870 0.011979 0.020370
0 0.112188 0.757917 0.012083 0.021019
0 0.240807 0.618380 0.009219 0.016204
0 0.529714 0.621574 0.016510 0.024259
0 0.472891 0.808611 0.011198 0.021667
0 0.543828 0.634028 0.011719 0.021389
0 0.059010 0.701806 0.014688 0.022315
0 0.733177 0.840231 0.013854 0.029352
0 0.556224 0.748565 0.010885 0.020463
0 0.111068 0.828287 0.012031 0.019352
0 0.812266 0.699213 0.010781 0.016574
0 0.141875 0.464722 0.012292 0.017407
0 0.775833 0.688565 0.012292 0.021204
0 0.044740 0.426528 0.010625 0.011574
0 0.088359 0.615370 0.012969 0.022407
0 0.413385 0.502269 0.010521 0.019167
