0 0.311328 0.515741 0.010990 0.018519
0 0.278464 0.553889 0.012969 0.023333
0 0.166823 0.459213 0.010208 0.017315
0 0.712161 0.629769 0.014010 0.023241
0 0.389714 0.471435 0.011198 0.021019
0 0.716458 0.803750 0.012917 0.022500
0 0.258490 0.624537 0.012604 0.022037
0 0.809688 0.571852 0.009583 0.016296
0 0.792109 0.522454 0.013385 0.023241
0 0.725000 0.885231 0.012812 0.021019
0 0.755417 0.784444 0.014688 0.025926
0 0.720026 0.733796 0.013802 0.026481
0 0.849766 0.618519 0.009010 0.014630
0 0.464375 0.549676 0.014063 0.024537
0 0.610964 0.338056 0.011510 0.020000
0 0.894609 0.786852 0.012135 0.017593
0 0.647578 0.457824 0.008490 0.015648
0 0.894115 0.761667 0.008750 0.016667
0 0.975312 0.530370 0.013854 0.020000
0 0.937083 0.540093 0.008854 0.015185
0 0.918516 0.585463 0.007969 0.013889
0 0.859219 0.330370 0.009375 0.015556
0 0.833594 0.604815 0.008542 0.014630
0 0.827682 0.557731 0.008073 0.017315
0 0.819323 0.564213 0.010104 0.015093
0 0.767708 0.448333 0.008125 0.015556
0 0.776563 0.468935 0.008958 0.015463
0 0.818281 0.442130 0.009479 0.014630
0 0.814427 0.578426 0.009167 0.014630
0 0.803724 0.530324 0.010781 0.020278
0 0.724714 0.657639 0.014010 0.026019
0 0.715026 0.648194 0.009635 0.020463
0 0.654297 0.841111 0.011510 0.020185
0 0.671172 0.814583 0.010469 0.021389
0 0.700964 0.360926 0.009531 0.016296
0 0.624453 0.323981 0.009740 0.017407
0 0.492188 0.654352 0.008750 0.015741
0 0.468490 0.663241 0.009896 0.018889
0 0.468698 0.565833 0.009479 0.016296
0 0.457318 0.561852 0.012760 0.021111
0 0.708177 0.729213 0.012188 0.023056
0 0.472422 0.549954 0.010677 0.023981
0 0.858151 0.486991 0.011823 0.017870
0 0.265182 0.609213 0.011615 0.021759
0 0.267214 0.798333 0.010365 0.017778
0 0.239141 0.831759 0.008385 0.014444
0 0.251276 0.848843 0.009635 0.017500
0 0.252552 0.836991 0.009792 0.017315
0 0.407839 0.591389 0.010885 0.019815
0 0.280417 0.790185 0.010104 0.017593
0 0.239193 0.819352 0.009740 0.017778
0 0.808698 0.511065 0.012292 0.022130
0 0.399714 0.591806 0.010052 0.021019
0 0.860547 0.613704 0.012031 0.020556
0 0.768594 0.548565 0.015521 0.027685
0 0.804583 0.560741 0.010312 0.016111
0 0.326667 0.860324 0.011875 0.018981
0 0.042891 0.602037 0.019115 0.035000
0 0.181589 0.549259 0.015885 0.027037
0 0.679271 0.440139 0.012083 0.021204
0 0.799089 0.543704 0.012135 0.019444
1 0.989688 0.879028 0.013229 0.018981
0 0.329062 0.648889 0.009375 0.019074
0 0.220417 0.852222 0.016979 0.027407
0 0.706224 0.653241 0.014115 0.027407
0 0.795156 0.497963 0.014896 0.026296
0 0.205104 0.840185 0.014063 0.027222
0 0.850781 0.497454 0.011146 0.018241
0 0.383724 0.454769 0.011615 0.020093
0 0.747161 0.780046 0.011302 0.022685
0 0.838177 0.611296 0.010104 0.017963
0 0.588542 0.516250 0.014167 0.023796
0 0.248021 0.636620 0.013125 0.022130
0 0.337813 0.851343 0.013021 0.019907
0 0.124427 0.685278 0.015625 0.028333
0 0.371771 0.466019 0.012187 0.020556
0 0.477813 0.593519 0.015312 0.027963
