0 0.903796 0.568411 0.030000 0.018594
0 0.462917 0.640391 0.021574 0.014115
0 0.589676 0.648594 0.021574 0.012708
1 0.550694 0.664271 0.019907 0.011875
0 0.958472 0.252214 0.026389 0.017031
0 0.780556 0.546667 0.028333 0.015938
0 0.855370 0.544141 0.026667 0.013802
0 0.950417 0.542891 0.032315 0.015573
0 0.552454 0.484271 0.025648 0.015312
0 0.688241 0.492891 0.039815 0.021510
0 0.814352 0.628620 0.027778 0.014219
0 0.685139 0.630000 0.026019 0.014896
0 0.789722 0.451979 0.027037 0.016979
0 0.944213 0.364375 0.034907 0.019375
0 0.033843 0.519792 0.035463 0.017604
0 0.956111 0.631510 0.035926 0.016875
0 0.403935 0.527031 0.027685 0.015104
0 0.609120 0.640833 0.022130 0.010521
0 0.880093 0.552526 0.025370 0.012865
0 0.569074 0.582240 0.018519 0.013229
0 0.031620 0.554818 0.028796 0.013906
0 0.718472 0.630026 0.031019 0.016302
0 0.616991 0.605781 0.033056 0.019792
0 0.649444 0.617604 0.033519 0.019375
0 0.952778 0.341198 0.031296 0.016875
0 0.601944 0.657422 0.020741 0.011510
0 0.911759 0.398802 0.033333 0.022292
0 0.090741 0.493698 0.032593 0.015417
0 0.424213 0.616823 0.030093 0.018021
0 0.033796 0.532500 0.032963 0.015208
0 0.900185 0.200703 0.032778 0.018490
0 0.922130 0.211198 0.029815 0.018021
0 0.668102 0.599115 0.033796 0.017292
0 0.877917 0.624219 0.027315 0.012396
0 0.791389 0.610234 0.030000 0.016719
0 0.811620 0.616615 0.025278 0.015104
0 0.987685 0.560911 0.025556 0.020885
0 0.988194 0.628984 0.025463 0.019219
0 0.954491 0.224427 0.028056 0.015417
