0 0.614676 0.449688 0.025093 0.015417
0 0.042778 0.435729 0.023519 0.012813
0 0.992546 0.406510 0.015463 0.017083
0 0.009444 0.541901 0.019630 0.011510
0 0.550370 0.366302 0.035370 0.019375
0 0.554259 0.391302 0.025556 0.015000
0 0.992963 0.512005 0.014074 0.016302
0 0.631991 0.604922 0.018796 0.011615
0 0.934907 0.332578 0.032963 0.015990
0 0.635093 0.609818 0.020556 0.013594
0 0.821481 0.684193 0.035556 0.018698
0 0.597685 0.402734 0.026667 0.014635
0 0.627130 0.627552 0.016667 0.009375
0 0.540694 0.438255 0.027870 0.014740
0 0.907500 0.338333 0.025000 0.013750
0 0.568704 0.439089 0.022407 0.012760
0 0.615926 0.620443 0.017037 0.010990
0 0.748565 0.656823 0.023796 0.012500
0 0.945880 0.493177 0.037500 0.019792
0 0.581065 0.408385 0.035093 0.020208
0 0.644954 0.630781 0.018796 0.012396
0 0.668009 0.487005 0.031019 0.015677
0 0.880185 0.661094 0.034630 0.017604
0 0.959444 0.432578 0.034074 0.018385
0 0.799120 0.662422 0.029537 0.018594
0 0.399167 0.454922 0.026481 0.014323
0 0.771204 0.506589 0.029074 0.016719
0 0.653935 0.314583 0.043426 0.025104
0 0.480139 0.488620 0.028241 0.014010
0 0.653380 0.382500 0.028611 0.017500
0 0.521111 0.537812 0.031667 0.017396
0 0.825602 0.665078 0.034722 0.018385
0 0.875787 0.508880 0.036019 0.018698
0 0.153843 0.567500 0.023796 0.013125
0 0.926111 0.507214 0.034444 0.019323
0 0.855370 0.691094 0.033704 0.017708
0 0.401991 0.477083 0.024537 0.014896
0 0.513519 0.555469 0.028704 0.017083
0 0.965694 0.664922 0.032685 0.019010
0 0.529259 0.387083 0.031296 0.019583
0 0.577824 0.559583 0.025833 0.015104
0 0.498657 0.451719 0.031204 0.017188
0 0.846944 0.451276 0.036111 0.018594
0 0.796806 0.510104 0.034537 0.019687
0 0.577500 0.534922 0.033889 0.019115
0 0.501806 0.552187 0.022130 0.015521
0 0.027639 0.534167 0.022130 0.012083
0 0.673935 0.567109 0.023426 0.014010
