0 0.165972 0.539219 0.023426 0.013125
0 0.129722 0.402917 0.025556 0.013125
0 0.211389 0.412214 0.024815 0.013281
0 0.626991 0.360625 0.026019 0.013125
0 0.561991 0.357214 0.022870 0.011615
0 0.013657 0.367917 0.026759 0.015521
0 0.723426 0.532604 0.026296 0.012917
0 0.806759 0.708906 0.025741 0.013542
0 0.159537 0.661562 0.021296 0.010521
0 0.958750 0.663516 0.022500 0.012969
0 0.777222 0.713516 0.031481 0.017760
0 0.770463 0.344375 0.022222 0.012292
0 0.811435 0.699766 0.025833 0.015469
0 0.634213 0.479922 0.021204 0.011406
0 0.863981 0.697839 0.027407 0.015885
0 0.081296 0.575365 0.025000 0.013437
0 0.104722 0.663724 0.028889 0.016406
0 0.849398 0.684922 0.031574 0.018802
1 0.986713 0.836406 0.027870 0.019792
1 0.995370 0.763620 0.009630 0.018698
0 0.796991 0.535625 0.037685 0.020000
0 0.898796 0.570104 0.038333 0.019896
0 0.393519 0.568411 0.030370 0.016615
0 0.738750 0.628880 0.028056 0.016094
0 0.073194 0.467708 0.031944 0.017604
0 0.969815 0.705286 0.038704 0.021198
0 0.314630 0.530573 0.027593 0.016875
0 0.018194 0.640885 0.029537 0.015208
0 0.596759 0.527578 0.027593 0.016094
0 0.555370 0.435312 0.028519 0.015208
0 0.613889 0.348203 0.027963 0.013698
0 0.204769 0.601224 0.024907 0.013802
0 0.151620 0.431484 0.029722 0.016094
0 0.571435 0.525807 0.023981 0.013906
0 0.085139 0.510417 0.024722 0.012500
0 0.580972 0.450781 0.026389 0.014479
0 0.181296 0.587526 0.021296 0.013802
0 0.172407 0.472083 0.025000 0.014375
0 0.203981 0.545495 0.019074 0.010677
0 0.569769 0.487500 0.026204 0.015000
0 0.281852 0.357708 0.025926 0.014375
0 0.010509 0.677995 0.021944 0.018385
0 0.849815 0.719323 0.028519 0.016042
0 0.942778 0.639115 0.025000 0.012187
0 0.948935 0.631797 0.022500 0.011406
0 0.620324 0.510417 0.020278 0.011563
0 0.338102 0.537031 0.024722 0.018542
0 0.275694 0.487422 0.028981 0.014635
0 0.311528 0.412214 0.024537 0.014740
0 0.057778 0.651641 0.025370 0.014219
0 0.324028 0.374714 0.018796 0.011094
0 0.808935 0.716016 0.024352 0.012135
0 0.139259 0.653802 0.029259 0.015000
0 0.041898 0.464167 0.031389 0.017083
0 0.163611 0.460833 0.021481 0.013125
0 0.567222 0.370130 0.024074 0.011719
0 0.981296 0.754010 0.030926 0.018021
0 0.315741 0.363203 0.026111 0.013698
0 0.861157 0.589688 0.031389 0.019792
0 0.717222 0.473724 0.021296 0.011615
0 0.275741 0.471406 0.024815 0.014583
0 0.208750 0.436901 0.021019 0.011719
0 0.197593 0.508229 0.019259 0.012813
0 0.149491 0.491198 0.023426 0.013125
0 0.066296 0.403411 0.016667 0.010885
0 0.017315 0.709297 0.024815 0.013802
0 0.641296 0.351901 0.021296 0.011198
0 0.064630 0.507005 0.020370 0.011719
0 0.226250 0.527031 0.018426 0.010417
0 0.989537 0.701484 0.022593 0.020677
0 0.289074 0.407995 0.028333 0.015677
0 0.655556 0.481875 0.024444 0.012292
0 0.966296 0.295104 0.035741 0.019479
0 0.959028 0.531198 0.035278 0.018021
0 0.292315 0.343177 0.029074 0.016875
0 0.307778 0.559167 0.030556 0.019375
0 0.198241 0.475495 0.022222 0.013385
0 0.749815 0.548802 0.026296 0.015417
