0 0.294297 0.781296 0.015885 0.027963
0 0.877708 0.747685 0.015313 0.025556
0 0.738776 0.519491 0.010990 0.017870
0 0.897083 0.810926 0.012813 0.020926
0 0.267917 0.669074 0.013125 0.022222
0 0.348802 0.802176 0.012813 0.022685
0 0.164792 0.435926 0.012292 0.021481
0 0.935000 0.573287 0.012604 0.021759
0 0.303307 0.756574 0.016406 0.029259
0 0.392682 0.778611 0.013385 0.024444
0 0.765885 0.635324 0.012812 0.021204
0 0.339896 0.834954 0.012708 0.022500
0 0.264089 0.815278 0.014323 0.025185
1 0.237474 0.875648 0.013490 0.024630
0 0.215078 0.839167 0.012552 0.014444
1 0.450417 0.850185 0.010417 0.012778
0 0.475755 0.809630 0.012969 0.021667
0 0.344349 0.544213 0.012969 0.022130
0 0.191172 0.556528 0.009323 0.010648
0 0.241276 0.600278 0.010677 0.019259
0 0.889141 0.770463 0.013073 0.023148
0 0.881198 0.730648 0.009167 0.016852
0 0.875104 0.714769 0.013021 0.020463
0 0.821563 0.691898 0.008021 0.015463
0 0.972865 0.732824 0.017188 0.029167
0 0.822187 0.357870 0.009375 0.014630
0 0.515599 0.269398 0.013594 0.026019
0 0.493724 0.218102 0.011615 0.020463
0 0.471224 0.389537 0.011406 0.020741
0 0.751823 0.550926 0.012708 0.020741
0 0.167813 0.402500 0.015000 0.025185
0 0.416406 0.713472 0.013021 0.022130
0 0.784271 0.644444 0.011979 0.021111
0 0.213490 0.827593 0.012188 0.021111
0 0.063281 0.605000 0.009792 0.015741
0 0.478099 0.576944 0.010677 0.019074
0 0.215495 0.667500 0.010885 0.018704
0 0.715521 0.507593 0.010312 0.018333
0 0.243594 0.511620 0.015625 0.026389
0 0.354167 0.353194 0.009479 0.015463
0 0.242422 0.493611 0.014740 0.017037
0 0.374714 0.797639 0.010885 0.018611
0 0.486484 0.590602 0.008802 0.016389
0 0.242682 0.829306 0.013594 0.026019
0 0.473307 0.714907 0.008490 0.017778
0 0.252188 0.624352 0.012604 0.020185
0 0.760781 0.480093 0.009375 0.019259
0 0.055521 0.616111 0.010000 0.016667
0 0.138203 0.376806 0.011406 0.020463
0 0.003594 0.737500 0.007500 0.018889
0 0.969792 0.432870 0.012083 0.022222
0 0.494479 0.602639 0.009375 0.016759
0 0.970026 0.505972 0.012448 0.017870
0 0.224870 0.849259 0.011927 0.021481
0 0.870859 0.705787 0.015469 0.023426
0 0.966406 0.498565 0.015521 0.019537
0 0.790859 0.518194 0.011615 0.019722
0 0.047578 0.597222 0.010677 0.016296
0 0.126927 0.378519 0.012812 0.022037
0 0.259089 0.513704 0.013698 0.024259
0 0.305391 0.434352 0.011406 0.020185
0 0.818984 0.728426 0.011094 0.018704
0 0.252474 0.603611 0.011198 0.021667
0 0.431615 0.650324 0.012708 0.022315
0 0.485286 0.299028 0.013490 0.024537
0 0.414505 0.385880 0.011510 0.021389
0 0.437474 0.856574 0.013385 0.027407
0 0.404427 0.561620 0.012708 0.021944
0 0.497682 0.738889 0.011094 0.019630
0 0.464115 0.759954 0.009792 0.017130
0 0.336797 0.392222 0.014323 0.023889
0 0.527995 0.252917 0.011823 0.022130
0 0.995104 0.506111 0.010625 0.025000
0 0.376510 0.370602 0.011979 0.021759
0 0.393516 0.416343 0.013594 0.021944
0 0.383021 0.608102 0.013125 0.021574
0 0.008802 0.631343 0.010521 0.017870
0 0.363203 0.497963 0.013385 0.024259
0 0.462083 0.699907 0.012708 0.021481
0 0.387187 0.374120 0.012500 0.023056
0 0.427708 0.712685 0.010625 0.018519
0 0.942187 0.283704 0.012500 0.019630
0 0.108698 0.363981 0.011979 0.018889
0 0.904609 0.800278 0.011615 0.019259
0 0.863646 0.394583 0.011042 0.018796
0 0.280260 0.807500 0.012396 0.020556
0 0.357630 0.655324 0.011823 0.020093
0 0.245911 0.803009 0.013698 0.025093
0 0.731302 0.532315 0.011979 0.020741
0 0.992708 0.734259 0.014583 0.024630
0 0.327005 0.843796 0.011823 0.021111
0 0.305807 0.572269 0.014323 0.022870
0 0.292083 0.804954 0.012813 0.022685
0 0.490885 0.313009 0.015000 0.025093
0 0.707396 0.491019 0.011979 0.021481
0 0.336693 0.501343 0.014115 0.024722
0 0.042604 0.639815 0.010312 0.017407
0 0.836979 0.714583 0.012500 0.022685
0 0.373307 0.430046 0.016615 0.026759
0 0.487604 0.810880 0.010625 0.017500
0 0.807109 0.675278 0.013594 0.023519
0 0.921901 0.766065 0.014323 0.023796
0 0.329792 0.610602 0.012917 0.020463
0 0.984193 0.491019 0.014115 0.022963
0 0.191016 0.544167 0.010781 0.021296
0 0.209766 0.571296 0.010677 0.019815
0 0.046693 0.610093 0.011406 0.018333
0 0.404896 0.808750 0.009792 0.020278
0 0.880000 0.794352 0.012917 0.020370
0 0.512083 0.757731 0.010208 0.018611
0 0.538073 0.750370 0.009479 0.019259
0 0.295521 0.441991 0.010104 0.021759
0 0.849896 0.725463 0.015521 0.024815
0 0.319896 0.755463 0.012604 0.023889
0 0.364089 0.472778 0.014219 0.026111
0 0.175521 0.453935 0.012500 0.019722
0 0.906901 0.336574 0.016406 0.025185
0 0.314974 0.555417 0.013281 0.024167
0 0.445312 0.695880 0.012188 0.021019
0 0.431224 0.668704 0.014010 0.022222
0 0.356302 0.384676 0.014896 0.023796
0 0.855208 0.641111 0.017812 0.028704
0 0.352292 0.820741 0.012083 0.020370
0 0.446536 0.714491 0.011823 0.021019
0 0.909010 0.768426 0.014583 0.022778
0 0.289922 0.704120 0.016198 0.028611
0 0.338672 0.567685 0.013281 0.022407
0 0.218672 0.592870 0.013177 0.022593
0 0.794323 0.644352 0.012500 0.020926
0 0.324375 0.587731 0.014792 0.023611
