0 0.203981 0.665286 0.024815 0.012865
0 0.192222 0.365026 0.022037 0.013385
0 0.218148 0.685469 0.027037 0.013854
0 0.367315 0.482214 0.022037 0.011406
0 0.185370 0.344766 0.024259 0.013906
0 0.868981 0.624010 0.024630 0.013750
0 0.155880 0.423516 0.032130 0.018906
0 0.223287 0.656016 0.030833 0.016719
0 0.869213 0.555990 0.028426 0.015417
0 0.023519 0.311927 0.037963 0.020208
0 0.472870 0.523672 0.019815 0.011094
0 0.963750 0.668698 0.030278 0.015208
0 0.802315 0.618203 0.023704 0.013490
0 0.838565 0.546875 0.026759 0.014583
0 0.152917 0.512109 0.027500 0.014219
0 0.389537 0.637318 0.027222 0.015885
0 0.282176 0.661589 0.029167 0.016510
0 0.302315 0.662500 0.024074 0.015104
0 0.834630 0.335495 0.029815 0.016198
0 0.431250 0.455495 0.025278 0.013594
0 0.030463 0.692422 0.027778 0.014010
0 0.183889 0.428385 0.028889 0.017083
0 0.409907 0.348385 0.025370 0.014375
0 0.036111 0.345911 0.032963 0.018385
0 0.959907 0.378307 0.029444 0.015677
0 0.805787 0.387005 0.031204 0.015781
0 0.206019 0.655599 0.020926 0.012969
0 0.994630 0.385964 0.010741 0.010573
0 0.425833 0.621302 0.024259 0.015729
0 0.388009 0.542656 0.020093 0.012917
0 0.115370 0.606953 0.026852 0.012656
0 0.152037 0.599141 0.021111 0.013594
0 0.443657 0.451458 0.015093 0.010833
0 0.478843 0.546797 0.018426 0.010781
0 0.169213 0.647865 0.023056 0.015000
0 0.874722 0.630156 0.027778 0.015104
0 0.430694 0.345234 0.023981 0.014219
0 0.380926 0.648203 0.022778 0.014323
0 0.013380 0.269010 0.027870 0.020313
0 0.295463 0.464323 0.019815 0.010625
0 0.332454 0.489271 0.023426 0.014375
0 0.758981 0.464792 0.024444 0.012813
0 0.774167 0.485573 0.026111 0.014896
0 0.208935 0.694609 0.026019 0.014010
0 0.114907 0.486094 0.025741 0.014896
0 0.442917 0.355208 0.025833 0.014688
0 0.075417 0.472188 0.029167 0.014479
0 0.343148 0.476224 0.020741 0.011615
0 0.837176 0.524583 0.023611 0.012604
0 0.174167 0.572292 0.020370 0.010417
0 0.236435 0.673151 0.023241 0.011927
0 0.968287 0.326458 0.028611 0.012917
0 0.217222 0.335599 0.022963 0.011198
0 0.431435 0.466276 0.026204 0.013385
0 0.414213 0.585833 0.024537 0.013125
0 0.342130 0.336380 0.022593 0.013385
0 0.318102 0.463411 0.019907 0.010990
0 0.128241 0.428698 0.030370 0.017083
0 0.208935 0.327995 0.021204 0.010885
0 0.145741 0.353672 0.026111 0.013385
0 0.074352 0.632526 0.021296 0.011719
0 0.008009 0.346302 0.016574 0.017813
0 0.449907 0.633516 0.024444 0.013281
0 0.353519 0.341771 0.027593 0.014375
