0 0.655556 0.577240 0.047407 0.023854
0 0.881898 0.219870 0.032130 0.020365
0 0.973241 0.059297 0.042407 0.024115
0 0.781713 0.079948 0.036204 0.020521
0 0.760000 0.161510 0.035000 0.022396
0 0.986852 0.158464 0.026296 0.021302
0 0.949630 0.187057 0.035370 0.019740
0 0.985741 0.198646 0.028519 0.017708
0 0.841852 0.188776 0.037593 0.022240
0 0.838241 0.212969 0.031481 0.021458
0 0.862593 0.211797 0.038704 0.021302
0 0.878796 0.252630 0.036481 0.020365
0 0.653287 0.548125 0.037130 0.020417
0 0.911620 0.256432 0.032500 0.019010
0 0.989861 0.296016 0.020278 0.017552
0 0.986204 0.321667 0.027593 0.016979
0 0.877130 0.325104 0.036481 0.018646
0 0.266250 0.019167 0.035833 0.022604
0 0.463935 0.133620 0.044537 0.026302
0 0.432685 0.148542 0.037778 0.022188
0 0.122130 0.181406 0.025926 0.013229
0 0.016019 0.486771 0.020741 0.011979
0 0.031435 0.456224 0.031204 0.016615
0 0.094306 0.423490 0.030833 0.017188
0 0.177546 0.275755 0.030833 0.018385
0 0.062639 0.257891 0.027870 0.014531
0 0.081713 0.265625 0.025833 0.015937
0 0.223056 0.227995 0.045370 0.025156
0 0.348148 0.178620 0.049815 0.030469
0 0.558796 0.260000 0.049074 0.028021
0 0.583889 0.379583 0.041667 0.026354
0 0.433426 0.320443 0.060185 0.032760
0 0.219630 0.416641 0.048148 0.029323
0 0.408611 0.445807 0.051296 0.029323
0 0.358611 0.615339 0.033704 0.019427
0 0.624306 0.539635 0.040278 0.021979
0 0.593565 0.528073 0.041019 0.021562
0 0.572500 0.538620 0.039074 0.022656
0 0.530139 0.531380 0.037500 0.022865
0 0.536065 0.559609 0.037500 0.020677
0 0.576435 0.559427 0.036759 0.020625
0 0.652593 0.591016 0.034259 0.018490
0 0.744259 0.545781 0.032778 0.018854
0 0.777407 0.558854 0.033519 0.018854
0 0.815926 0.565078 0.032407 0.019115
0 0.265972 0.630911 0.031574 0.019635
0 0.537083 0.689766 0.036574 0.019948
0 0.512315 0.743620 0.031296 0.017031
0 0.540556 0.737708 0.031296 0.020729
0 0.508426 0.732240 0.037222 0.021667
0 0.600509 0.742031 0.040463 0.023854
0 0.616157 0.762448 0.036204 0.018333
0 0.632407 0.751667 0.030556 0.019792
