0 0.475495 0.782037 0.018906 0.034444
0 0.766198 0.693565 0.012396 0.021759
0 0.834115 0.344306 0.014583 0.023611
0 0.830417 0.826944 0.014583 0.022407
0 0.832604 0.846759 0.014375 0.025185
0 0.299479 0.363796 0.020208 0.034259
0 0.861615 0.337731 0.014479 0.023241
0 0.866380 0.676667 0.016198 0.024815
0 0.836693 0.603333 0.014010 0.024630
0 0.188411 0.780787 0.014219 0.024167
0 0.140885 0.669028 0.016979 0.032870
0 0.809922 0.879769 0.016302 0.024722
0 0.819714 0.394167 0.013490 0.020926
0 0.847318 0.840602 0.016615 0.026759
0 0.873984 0.932546 0.016198 0.027685
0 0.290729 0.340787 0.020521 0.036389
0 0.762891 0.504491 0.010885 0.020278
0 0.115026 0.597546 0.016302 0.028056
0 0.270000 0.340185 0.022917 0.037778
0 0.131016 0.595556 0.018906 0.029630
0 0.296927 0.235648 0.020104 0.032222
0 0.553516 0.642361 0.013802 0.023241
0 0.858880 0.589028 0.015260 0.027685
0 0.094844 0.104120 0.016042 0.020833
0 0.213854 0.626852 0.015833 0.027037
0 0.718984 0.724306 0.011302 0.020278
0 0.775130 0.719259 0.011615 0.018704
0 0.091354 0.098843 0.013333 0.021944
0 0.130104 0.646157 0.017500 0.031389
0 0.867109 0.695417 0.013802 0.022685
0 0.786615 0.826204 0.012708 0.024630
0 0.821589 0.289074 0.013802 0.020926
0 0.722500 0.706343 0.011979 0.022870
0 0.112786 0.005694 0.016510 0.012130
0 0.782318 0.431667 0.011823 0.019074
0 0.316406 0.319213 0.019375 0.035463
0 0.825469 0.540093 0.014688 0.023704
0 0.834766 0.362083 0.013281 0.021019
0 0.760521 0.466343 0.009896 0.019722
0 0.924115 0.955046 0.017396 0.031019
0 0.794896 0.391435 0.011875 0.019537
0 0.748880 0.790000 0.010781 0.021481
0 0.126693 0.551111 0.021615 0.034074
0 0.765000 0.820926 0.014479 0.026111
0 0.886615 0.893380 0.018125 0.031574
0 0.106589 0.514074 0.021302 0.034815
0 0.736875 0.767870 0.011979 0.021667
0 0.730208 0.756713 0.012500 0.023796
0 0.073620 0.332454 0.026406 0.040833
0 0.020807 0.545509 0.026719 0.039537
0 0.087708 0.471944 0.027708 0.042222
1 0.662422 0.832361 0.011094 0.021574
1 0.756094 0.878611 0.012500 0.021111
0 0.484714 0.485602 0.018490 0.032500
0 0.788281 0.868750 0.014896 0.025278
0 0.938516 0.973611 0.018490 0.029444
0 0.846510 0.647593 0.015000 0.025741
0 0.888594 0.573009 0.015208 0.031574
0 0.942604 0.557593 0.017708 0.026481
