0 0.438698 0.648426 0.010208 0.020000
0 0.360599 0.463287 0.010885 0.017315
0 0.132005 0.648472 0.011823 0.022685
0 0.377396 0.462315 0.012083 0.021296
0 0.338620 0.373287 0.011615 0.017870
0 0.232109 0.294722 0.011823 0.020556
0 0.795703 0.546111 0.010885 0.017222
0 0.575599 0.426528 0.013698 0.023426
0 0.482083 0.350880 0.014583 0.024167
0 0.522214 0.378380 0.013698 0.022500
0 0.549401 0.387315 0.013802 0.021481
0 0.879635 0.188472 0.008229 0.013796
0 0.152109 0.637083 0.011615 0.021204
0 0.652500 0.355648 0.010312 0.018519
0 0.573385 0.508657 0.010104 0.017500
0 0.536172 0.074676 0.013385 0.023241
0 0.080208 0.655972 0.013021 0.025093
0 0.817266 0.140324 0.010677 0.018241
0 0.222214 0.308750 0.011719 0.018241
0 0.129010 0.020694 0.012083 0.019167
0 0.680286 0.373657 0.009323 0.017685
0 0.973385 0.471204 0.011979 0.018333
0 0.150391 0.620000 0.011302 0.020370
0 0.123490 0.055926 0.012812 0.022037
0 0.547500 0.100602 0.011979 0.022130
0 0.318203 0.336343 0.011510 0.018426
0 0.462396 0.548241 0.010104 0.018889
0 0.492526 0.366296 0.014115 0.024259
0 0.094505 0.077593 0.015781 0.027407
0 0.600781 0.477546 0.007917 0.014167
0 0.560182 0.007083 0.009740 0.014167
0 0.697344 0.411759 0.006146 0.015185
0 0.671380 0.328426 0.008281 0.014444
0 0.625755 0.388056 0.006927 0.015000
0 0.232526 0.311296 0.009635 0.015741
0 0.239219 0.220509 0.010000 0.015463
0 0.101016 0.193287 0.011510 0.018981
0 0.046146 0.460926 0.009583 0.018519
0 0.092943 0.620833 0.014219 0.023519
0 0.482891 0.581528 0.010781 0.017870
0 0.903151 0.450278 0.008802 0.015926
0 0.068620 0.654213 0.013802 0.022870
0 0.259219 0.388194 0.011250 0.021944
0 0.630677 0.386806 0.008021 0.016944
0 0.466302 0.150972 0.010625 0.018241
0 0.817031 0.546944 0.010312 0.016296
0 0.627005 0.364120 0.009115 0.017500
0 0.605391 0.383472 0.011406 0.017500
0 0.127995 0.048102 0.010677 0.017685
0 0.421615 0.358889 0.012292 0.021111
0 0.568906 0.009676 0.009896 0.018241
0 0.799115 0.559259 0.010104 0.015741
0 0.029818 0.452685 0.010990 0.020000
0 0.245469 0.456296 0.009688 0.018333
0 0.255104 0.455833 0.012500 0.020556
0 0.089609 0.563935 0.016094 0.028796
0 0.552135 0.038287 0.010625 0.017870
0 0.637109 0.381435 0.009219 0.017130
0 0.590495 0.429352 0.011198 0.019074
0 0.385078 0.270556 0.011302 0.018889
0 0.677708 0.387731 0.009375 0.015278
0 0.258021 0.298519 0.013125 0.022593
0 0.779427 0.578611 0.010104 0.017407
0 0.657578 0.348981 0.013177 0.022778
0 0.402786 0.340509 0.013594 0.022685
0 0.472630 0.538333 0.011510 0.020741
0 0.783802 0.357870 0.010000 0.017222
0 0.416875 0.338009 0.011979 0.019167
0 0.241979 0.307546 0.009583 0.017685
0 0.607891 0.099583 0.008594 0.016759
0 0.574427 0.578426 0.010625 0.017963
0 0.576797 0.523102 0.009219 0.015833
0 0.353802 0.472269 0.009375 0.016389
0 0.942214 0.413704 0.008177 0.012963
0 0.296693 0.326713 0.010885 0.018241
0 0.802214 0.475139 0.010677 0.014907
0 0.689193 0.358009 0.009323 0.014722
0 0.421016 0.306667 0.011302 0.018704
0 0.204271 0.258611 0.009688 0.017222
0 0.123099 0.072685 0.010677 0.015926
0 0.965990 0.209583 0.009792 0.013981
