0 0.540417 0.539818 0.022130 0.011510
0 0.317917 0.273464 0.018241 0.010677
0 0.272731 0.622786 0.022130 0.013490
0 0.198380 0.654167 0.039722 0.019583
0 0.558009 0.529401 0.023056 0.010781
0 0.804259 0.531198 0.022778 0.011875
0 0.854537 0.342214 0.027222 0.013281
0 0.755185 0.315573 0.019815 0.012083
0 0.191991 0.296406 0.028056 0.014375
0 0.330278 0.352057 0.018333 0.010052
0 0.510000 0.527396 0.027037 0.013021
0 0.577778 0.460208 0.025370 0.015104
0 0.506620 0.451615 0.028056 0.015521
0 0.136343 0.249193 0.033056 0.018490
0 0.826157 0.282083 0.027870 0.016979
0 0.489120 0.492188 0.022685 0.014479
0 0.472731 0.534479 0.025833 0.014792
0 0.313796 0.328490 0.026667 0.014687
0 0.741759 0.304583 0.022593 0.012187
0 0.788380 0.525781 0.021944 0.012604
0 0.801620 0.538516 0.021759 0.010781
0 0.088611 0.722891 0.035556 0.018802
0 0.119120 0.651719 0.038796 0.020521
0 0.243056 0.533125 0.027222 0.015417
0 0.896528 0.419714 0.022500 0.013490
0 0.318843 0.359375 0.031944 0.017188
0 0.519907 0.438307 0.028519 0.015677
0 0.295046 0.307604 0.028056 0.018021
0 0.917315 0.419010 0.024630 0.012917
0 0.486435 0.442891 0.028426 0.013594
0 0.305417 0.291875 0.023241 0.014688
0 0.600324 0.550208 0.024722 0.015104
0 0.684491 0.572135 0.014167 0.009896
0 0.969537 0.569505 0.021296 0.013490
0 0.938148 0.415443 0.018704 0.009635
0 0.828935 0.321406 0.020833 0.011875
0 0.597315 0.452109 0.021667 0.012656
0 0.353935 0.565703 0.018981 0.010260
0 0.882593 0.251406 0.027963 0.012708
0 0.850463 0.293307 0.027407 0.013906
0 0.520556 0.545911 0.020000 0.010677
0 0.331806 0.267109 0.018981 0.011094
0 0.672731 0.571068 0.018241 0.010365
0 0.727500 0.567865 0.018889 0.009375
0 0.775926 0.310417 0.025185 0.014688
0 0.222083 0.517292 0.030833 0.015417
0 0.463935 0.503177 0.028056 0.014896
0 0.281667 0.583984 0.018519 0.010677
0 0.876204 0.298594 0.024444 0.012396
0 0.074306 0.347969 0.021389 0.009688
0 0.498843 0.550599 0.022500 0.013385
0 0.464630 0.448880 0.024074 0.013385
0 0.028287 0.674792 0.030833 0.017396
0 0.931343 0.350547 0.032685 0.016198
0 0.937917 0.298568 0.035648 0.018385
0 0.304213 0.561953 0.028981 0.015885
0 0.649954 0.532995 0.018981 0.008594
0 0.350509 0.542682 0.019167 0.010885
0 0.268380 0.709687 0.032500 0.019687
0 0.209722 0.260521 0.029630 0.018021
0 0.824120 0.259583 0.028241 0.017604
0 0.239815 0.281276 0.030370 0.018177
0 0.039213 0.689974 0.032130 0.020781
0 0.913565 0.595599 0.021204 0.011302
0 0.907778 0.304089 0.024074 0.014010
0 0.828241 0.345573 0.025926 0.014583
