1 0.933519 0.788880 0.045741 0.026510
0 0.461852 0.607474 0.040556 0.023698
0 0.506435 0.522786 0.031204 0.016302
0 0.864028 0.224036 0.034907 0.019635
0 0.052870 0.705964 0.025185 0.013906
0 0.337824 0.543307 0.035093 0.021510
0 0.300324 0.544453 0.038426 0.021510
0 0.179954 0.356432 0.031574 0.017448
0 0.479028 0.665521 0.028611 0.016979
0 0.799583 0.811172 0.026574 0.016510
0 0.398102 0.337057 0.036944 0.018385
0 0.089954 0.405495 0.029537 0.018073
0 0.418796 0.550156 0.037407 0.020417
0 0.343148 0.301042 0.027222 0.016250
0 0.196250 0.388516 0.023241 0.013281
0 0.412361 0.368828 0.024722 0.013281
0 0.462130 0.388281 0.031481 0.017396
0 0.385046 0.607760 0.033241 0.019479
0 0.488148 0.380234 0.035185 0.019323
0 0.878287 0.182708 0.033426 0.019375
0 0.414630 0.348984 0.037963 0.019115
0 0.153796 0.407318 0.026111 0.014635
0 0.383380 0.325911 0.033241 0.019115
0 0.430324 0.591563 0.039722 0.022500
0 0.367917 0.306849 0.029167 0.015781
0 0.061389 0.717891 0.030185 0.019010
0 0.732222 0.522891 0.028519 0.016510
0 0.833889 0.458151 0.043519 0.024948
0 0.136620 0.367422 0.028426 0.016823
0 0.096991 0.712812 0.027870 0.016250
