0 0.284676 0.565365 0.054537 0.029375
0 0.435000 0.608333 0.057778 0.040625
0 0.795093 0.527760 0.060185 0.032917
0 0.448380 0.729635 0.044907 0.027188
0 0.466435 0.791589 0.043611 0.025781
0 0.663935 0.766667 0.067685 0.039375
0 0.535648 0.190495 0.032593 0.017865
0 0.356065 0.299349 0.037685 0.023177
0 0.400093 0.689063 0.029630 0.017812
0 0.748657 0.824479 0.040278 0.023125
0 0.917685 0.895391 0.053333 0.029740
0 0.845648 0.532109 0.045556 0.026615
0 0.880556 0.938620 0.039630 0.022865
0 0.364444 0.704661 0.048519 0.029219
0 0.831806 0.503307 0.058056 0.032448
0 0.533981 0.824245 0.038889 0.025365
0 0.054954 0.677891 0.038611 0.022240
0 0.179259 0.447214 0.050000 0.027969
0 0.620278 0.772240 0.049630 0.037812
0 0.088241 0.322995 0.052593 0.028177
0 0.825926 0.781120 0.046111 0.026094
0 0.328611 0.705964 0.040741 0.026927
0 0.908750 0.809844 0.033796 0.021354
0 0.018287 0.686068 0.036574 0.020781
0 0.114815 0.245339 0.034630 0.019531
0 0.791667 0.849818 0.038519 0.019740
0 0.423472 0.264635 0.060278 0.031979
0 0.982315 0.899974 0.035370 0.024635
0 0.223426 0.456250 0.050926 0.029792
0 0.390972 0.702969 0.036574 0.027500
0 0.823796 0.813229 0.046111 0.025625
0 0.877546 0.787865 0.051759 0.027500
0 0.810648 0.111615 0.039074 0.024167
0 0.495370 0.778307 0.034630 0.024219
