0 0.139769 0.298802 0.029722 0.017500
0 0.479722 0.515990 0.020741 0.012396
0 0.952870 0.529089 0.024630 0.013698
0 0.727454 0.478516 0.021574 0.011510
0 0.069213 0.242865 0.027870 0.014375
0 0.022454 0.610078 0.027870 0.015781
0 0.053241 0.378802 0.028333 0.015521
0 0.297130 0.626302 0.022222 0.012292
0 0.456481 0.516094 0.023333 0.015000
0 0.900000 0.620339 0.025370 0.010677
0 0.757454 0.494453 0.015833 0.009219
0 0.833611 0.421146 0.020370 0.011354
0 0.682639 0.447109 0.019167 0.010781
0 0.784815 0.405599 0.015741 0.009531
0 0.785139 0.395391 0.020278 0.012031
0 0.389769 0.471953 0.019167 0.011719
0 0.423241 0.469974 0.017963 0.010677
0 0.277130 0.557943 0.018704 0.010260
0 0.244722 0.543438 0.024444 0.013125
0 0.015370 0.445208 0.030741 0.020521
0 0.161435 0.296302 0.021944 0.012813
0 0.034491 0.196953 0.031204 0.015781
0 0.269491 0.613359 0.023056 0.012448
0 0.255787 0.615677 0.018796 0.010625
0 0.045833 0.610391 0.024630 0.013490
0 0.770417 0.405573 0.017870 0.010000
0 0.232361 0.459583 0.025278 0.014375
0 0.816667 0.421042 0.017407 0.010208
0 0.443287 0.553542 0.021944 0.012812
0 0.236111 0.617109 0.024259 0.014115
0 0.264306 0.600729 0.025093 0.012813
0 0.380926 0.623880 0.022963 0.013698
0 0.390972 0.381615 0.021574 0.012396
0 0.313657 0.318177 0.026389 0.012604
0 0.492870 0.557891 0.021667 0.011823
0 0.836852 0.394089 0.026296 0.013385
0 0.117083 0.560911 0.028611 0.016094
0 0.369861 0.362526 0.025093 0.013906
0 0.984444 0.511484 0.022963 0.014115
0 0.865972 0.509479 0.017500 0.009583
0 0.817870 0.394609 0.020926 0.013177
0 0.189444 0.580312 0.017222 0.010521
0 0.265972 0.486693 0.025463 0.014323
0 0.712685 0.472786 0.019074 0.011302
0 0.259444 0.270104 0.017778 0.012292
0 0.941204 0.502109 0.024259 0.014219
0 0.817269 0.583672 0.018611 0.010990
0 0.508889 0.510495 0.020556 0.011615
0 0.822176 0.557682 0.023796 0.011094
0 0.421944 0.336589 0.019259 0.010990
0 0.044815 0.590703 0.026111 0.013906
0 0.183611 0.461745 0.028519 0.016302
0 0.769491 0.493464 0.017685 0.010156
0 0.886204 0.613516 0.024444 0.011615
0 0.449583 0.571302 0.021944 0.013021
0 0.130833 0.506016 0.023519 0.011615
0 0.424537 0.508984 0.019630 0.010781
0 0.082315 0.463516 0.031296 0.016510
0 0.939907 0.558932 0.015741 0.008594
0 0.796343 0.582578 0.019167 0.010990
0 0.881435 0.395313 0.019537 0.009896
0 0.330000 0.327083 0.022222 0.011979
0 0.411898 0.328594 0.019537 0.013125
0 0.117685 0.275911 0.030741 0.016510
0 0.415093 0.501016 0.021667 0.011406
0 0.839630 0.615365 0.028333 0.014479
0 0.053241 0.582995 0.028889 0.015885
0 0.086296 0.594818 0.029074 0.016406
0 0.848287 0.490469 0.023241 0.012187
0 0.292824 0.298099 0.024167 0.013906
0 0.461435 0.550469 0.021389 0.011979
0 0.365509 0.381276 0.020278 0.010990
0 0.363889 0.514974 0.024259 0.013177
0 0.990787 0.533828 0.018426 0.010156
0 0.983426 0.526641 0.020000 0.010156
0 0.214769 0.580677 0.019907 0.011354
0 0.745741 0.489870 0.021667 0.011823
0 0.075648 0.267109 0.035556 0.018698
0 0.957454 0.548203 0.020833 0.011198
0 0.392500 0.429479 0.020556 0.012500
