0 0.023611 0.201719 0.033889 0.019271
0 0.017639 0.557708 0.032315 0.017917
0 0.070648 0.563359 0.031296 0.018490
0 0.010093 0.332786 0.020185 0.019427
0 0.007269 0.122682 0.014537 0.021615
0 0.019306 0.213333 0.031944 0.020729
0 0.052778 0.205573 0.028333 0.015938
0 0.056389 0.175495 0.030926 0.020156
0 0.338380 0.352474 0.034537 0.021615
0 0.356019 0.356771 0.031667 0.018438
0 0.259074 0.470911 0.024630 0.015990
0 0.276389 0.469896 0.028704 0.016354
0 0.246343 0.499089 0.027130 0.015469
0 0.301759 0.499010 0.021111 0.011875
0 0.327685 0.440573 0.015000 0.009167
0 0.366481 0.475104 0.025741 0.016667
0 0.346806 0.418750 0.023981 0.015104
0 0.229722 0.327448 0.027778 0.015521
0 0.232222 0.307344 0.027407 0.016875
0 0.255417 0.305234 0.029167 0.015781
0 0.335139 0.246250 0.031574 0.018646
0 0.454259 0.460547 0.024444 0.014219
0 0.518194 0.612396 0.024722 0.013125
0 0.496667 0.602135 0.022407 0.013333
0 0.520417 0.600859 0.027685 0.016302
0 0.540417 0.606068 0.025648 0.015573
0 0.636204 0.623047 0.030741 0.018490
0 0.578935 0.250312 0.034537 0.019583
0 0.586759 0.217448 0.039444 0.022500
0 0.559491 0.156276 0.030463 0.018490
0 0.941620 0.154688 0.037870 0.022396
0 0.816065 0.544089 0.033241 0.018698
0 0.785417 0.563255 0.041759 0.020365
0 0.773704 0.629271 0.039444 0.021771
0 0.810602 0.635260 0.043056 0.023958
0 0.854491 0.609740 0.039907 0.021771
0 0.886852 0.657031 0.035926 0.020417
0 0.503426 0.730651 0.025185 0.014219
0 0.652454 0.714505 0.035833 0.020365
0 0.736157 0.755859 0.031574 0.019115
0 0.783102 0.744948 0.037130 0.023542
0 0.825694 0.752396 0.034722 0.020208
0 0.993009 0.705208 0.013981 0.021771
0 0.954120 0.695755 0.037130 0.022448
0 0.949491 0.726510 0.031944 0.018646
0 0.880370 0.769167 0.042222 0.023125
