0 0.011713 0.481719 0.023426 0.015208
0 0.013843 0.392891 0.028426 0.015677
0 0.792639 0.412682 0.022130 0.011406
0 0.030000 0.564401 0.030926 0.013698
0 0.246806 0.502370 0.026759 0.015990
0 0.153148 0.424583 0.033519 0.017604
0 0.872269 0.465625 0.018981 0.010417
0 0.018657 0.636875 0.035463 0.017292
0 0.212639 0.457891 0.028796 0.016198
0 0.883611 0.418125 0.026667 0.015312
0 0.816898 0.546849 0.024907 0.014635
0 0.891065 0.379349 0.018981 0.012448
0 0.247361 0.274219 0.018241 0.010729
0 0.149074 0.375573 0.022037 0.012083
0 0.063056 0.611797 0.026296 0.014010
0 0.092130 0.587656 0.026852 0.014167
0 0.960370 0.268281 0.027407 0.014375
0 0.977176 0.472031 0.024722 0.013854
0 0.907176 0.370547 0.028241 0.011198
0 0.822454 0.421406 0.018796 0.010521
0 0.896250 0.384297 0.020093 0.012135
0 0.257917 0.530937 0.021574 0.012187
0 0.227176 0.532370 0.022870 0.012240
0 0.908287 0.378307 0.027500 0.015052
0 0.830278 0.388490 0.025000 0.014375
0 0.283889 0.443099 0.020556 0.011198
0 0.259722 0.451510 0.027593 0.014792
0 0.271481 0.516276 0.020556 0.010781
0 0.905139 0.449687 0.021759 0.012083
0 0.066111 0.474115 0.025741 0.015104
0 0.852176 0.433802 0.023426 0.011979
0 0.814120 0.412109 0.020833 0.011198
0 0.525417 0.435599 0.023056 0.011510
0 0.331574 0.497995 0.022037 0.010885
0 0.297824 0.486120 0.025278 0.011823
0 0.188704 0.495391 0.030741 0.016823
0 0.857454 0.302214 0.025833 0.013802
0 0.235880 0.207161 0.025463 0.015781
0 0.881991 0.365911 0.026944 0.014010
