0 0.620139 0.745573 0.031204 0.019583
0 0.989444 0.803568 0.021111 0.025052
0 0.867500 0.724661 0.050185 0.029323
2 0.709444 0.691510 0.047037 0.030000
0 0.676389 0.748437 0.040556 0.023125
0 0.526667 0.738125 0.031111 0.017604
0 0.684213 0.567005 0.052315 0.030365
0 0.841528 0.540365 0.048241 0.027917
0 0.803519 0.506094 0.049074 0.026979
0 0.483333 0.374792 0.044074 0.025833
0 0.382731 0.472005 0.045278 0.025469
0 0.495833 0.508594 0.041667 0.025312
0 0.798194 0.389141 0.052870 0.030885
0 0.687315 0.414010 0.056852 0.033333
0 0.632130 0.419453 0.054444 0.030885
0 0.579259 0.416510 0.055926 0.031979
0 0.889861 0.245469 0.052130 0.029583
0 0.579306 0.291536 0.043611 0.025573
0 0.469398 0.342552 0.042685 0.025313
0 0.870093 0.368880 0.054444 0.033073
0 0.976806 0.363672 0.046389 0.029948
0 0.838750 0.249063 0.045463 0.026667
0 0.932593 0.258620 0.055000 0.030885
