0 0.969769 0.502083 0.024722 0.012396
0 0.156574 0.610313 0.029074 0.015208
0 0.236343 0.261016 0.035093 0.017240
0 0.986343 0.529792 0.026389 0.013125
0 0.978241 0.509818 0.021481 0.010885
0 0.744907 0.502552 0.024444 0.014792
0 0.139120 0.316146 0.032685 0.019583
0 0.713333 0.517865 0.023333 0.012083
0 0.986343 0.371016 0.026944 0.011302
0 0.377176 0.423802 0.018426 0.010000
0 0.950972 0.493229 0.023796 0.013125
0 0.661296 0.537344 0.025370 0.012500
0 0.474444 0.434349 0.022407 0.011094
0 0.381898 0.428125 0.016944 0.009479
0 0.517824 0.484453 0.017315 0.010156
0 0.666481 0.522682 0.027593 0.013385
0 0.982500 0.518411 0.019074 0.009219
0 0.236019 0.381328 0.032963 0.018906
0 0.138611 0.336719 0.031667 0.015104
0 0.693657 0.534401 0.023056 0.011615
0 0.562593 0.364219 0.032222 0.017917
0 0.642130 0.399401 0.021667 0.011719
0 0.100787 0.538385 0.040833 0.022083
0 0.608981 0.329818 0.025741 0.013490
0 0.160556 0.349375 0.031296 0.017292
0 0.118889 0.586380 0.027407 0.013594
0 0.943333 0.371979 0.021296 0.010208
0 0.755231 0.473880 0.028056 0.013698
0 0.632593 0.526172 0.028333 0.013490
0 0.204491 0.383594 0.033981 0.017604
0 0.591991 0.365417 0.031204 0.019687
0 0.975741 0.427786 0.027407 0.013385
0 0.368981 0.579635 0.027407 0.015625
0 0.705648 0.510312 0.027037 0.015312
0 0.895833 0.480599 0.024630 0.013490
0 0.124722 0.350313 0.030370 0.015208
0 0.103657 0.585677 0.022500 0.012188
0 0.530972 0.474115 0.023611 0.012917
0 0.328009 0.504896 0.029167 0.016979
0 0.988519 0.362474 0.024444 0.010885
0 0.677731 0.515417 0.032685 0.015208
0 0.680926 0.489401 0.025926 0.015677
0 0.995741 0.431615 0.009444 0.017500
0 0.176019 0.333125 0.036296 0.020313
0 0.199167 0.591198 0.024259 0.015104
