0 0.552222 0.605859 0.023889 0.013385
0 0.912870 0.344479 0.024259 0.013542
0 0.825972 0.590182 0.020463 0.012240
0 0.526250 0.391510 0.025463 0.014583
0 0.545417 0.391302 0.023056 0.013229
0 0.919769 0.335547 0.024907 0.015156
0 0.937083 0.345000 0.026759 0.015208
0 0.666157 0.654167 0.021389 0.013438
1 0.149074 0.657214 0.024815 0.013281
0 0.976806 0.537057 0.023056 0.013490
0 0.921065 0.524453 0.022130 0.012448
0 0.957407 0.293620 0.027407 0.016094
0 0.635370 0.487891 0.021667 0.012344
0 0.600231 0.502839 0.024352 0.013281
0 0.542778 0.521458 0.021667 0.011979
0 0.530602 0.510911 0.021019 0.011823
0 0.368935 0.257708 0.022500 0.013125
0 0.024074 0.597396 0.028519 0.014896
0 0.617083 0.509687 0.030833 0.017396
1 0.473241 0.657786 0.024074 0.012448
0 0.828657 0.611953 0.023241 0.014115
0 0.617593 0.656901 0.030000 0.015990
0 0.706019 0.621016 0.030370 0.016719
0 0.535648 0.592813 0.025741 0.015104
0 0.399352 0.512318 0.024074 0.013385
0 0.101944 0.426797 0.024815 0.013906
0 0.072500 0.441380 0.030000 0.016510
0 0.340880 0.238802 0.028241 0.016979
0 0.410324 0.442995 0.022685 0.013490
0 0.416991 0.490078 0.023796 0.013802
0 0.635417 0.604297 0.023426 0.013177
0 0.695231 0.629609 0.030093 0.013906
0 0.992130 0.541016 0.017222 0.013802
0 0.444583 0.371615 0.022685 0.011979
0 0.908009 0.602995 0.028426 0.014010
0 0.766019 0.462500 0.028519 0.017292
0 0.370741 0.421719 0.024259 0.012813
0 0.630370 0.627135 0.023333 0.013125
0 0.353565 0.485130 0.021204 0.011510
0 0.623426 0.385208 0.018519 0.010208
0 0.077917 0.559896 0.026759 0.012500
0 0.062315 0.486823 0.026296 0.012604
0 0.600509 0.646406 0.023241 0.012708
0 0.391898 0.439167 0.020093 0.012083
0 0.647546 0.386693 0.024537 0.013490
0 0.419491 0.507500 0.027130 0.014583
