0 0.080046 0.528229 0.028241 0.015521
0 0.971852 0.241432 0.020926 0.010469
0 0.334676 0.553984 0.021759 0.011406
0 0.912500 0.275625 0.022037 0.013229
0 0.955602 0.232292 0.019167 0.010104
0 0.413843 0.501875 0.020833 0.011875
0 0.431019 0.494297 0.020370 0.010781
0 0.282639 0.321120 0.019907 0.010990
0 0.276157 0.511198 0.022130 0.012083
0 0.476389 0.497995 0.021111 0.011615
0 0.353704 0.352917 0.021481 0.013021
0 0.048194 0.587188 0.021944 0.011979
0 0.811574 0.501198 0.022963 0.010521
0 0.087824 0.592708 0.023981 0.012396
0 0.257315 0.475312 0.026481 0.014792
0 0.087130 0.349583 0.030741 0.017604
0 0.044167 0.370104 0.034815 0.019687
0 0.072083 0.367500 0.032685 0.017083
0 0.829583 0.449609 0.026759 0.013490
0 0.289398 0.684115 0.024537 0.013125
0 0.305926 0.576823 0.026296 0.014896
0 0.417130 0.565000 0.020185 0.011875
0 0.305231 0.457995 0.023241 0.013906
0 0.261852 0.661172 0.025370 0.013490
0 0.839306 0.514479 0.023241 0.012604
0 0.064907 0.350990 0.035000 0.016979
0 0.936759 0.454922 0.027407 0.016198
0 0.243889 0.561198 0.025000 0.015104
0 0.867963 0.461901 0.023889 0.013594
0 0.379954 0.622500 0.024722 0.012708
0 0.936806 0.342370 0.024167 0.013490
0 0.794954 0.385781 0.021944 0.011979
0 0.822731 0.388516 0.021019 0.011198
0 0.066204 0.534896 0.032778 0.017917
0 0.965509 0.441875 0.027870 0.014792
0 0.213796 0.656510 0.024815 0.014687
0 0.384074 0.514115 0.020741 0.012500
0 0.016250 0.517578 0.034537 0.018281
0 0.173102 0.336771 0.031389 0.017083
0 0.449167 0.564583 0.021667 0.012083
0 0.017130 0.387292 0.033519 0.017708
0 0.323009 0.668229 0.021944 0.013021
0 0.352685 0.637370 0.021111 0.010677
0 0.369583 0.607917 0.022685 0.012500
0 0.190324 0.326380 0.030833 0.016406
0 0.044583 0.508776 0.035463 0.018385
0 0.801111 0.349688 0.020741 0.011771
0 0.779120 0.460286 0.018056 0.010052
0 0.182222 0.513151 0.021667 0.011719
0 0.946528 0.552734 0.020833 0.011823
0 0.851806 0.421667 0.023056 0.012083
0 0.960741 0.507786 0.031111 0.013177
0 0.041574 0.595755 0.022963 0.011615
0 0.417269 0.495286 0.020093 0.010677
0 0.304120 0.471719 0.022315 0.013021
0 0.808889 0.345469 0.023704 0.012708
0 0.009815 0.613490 0.019630 0.012604
0 0.787269 0.456563 0.021759 0.012083
0 0.446343 0.494375 0.021019 0.011875
