0 0.418776 0.530324 0.013177 0.023796
0 0.274115 0.301806 0.015208 0.023611
0 0.941771 0.529722 0.011875 0.016111
0 0.946589 0.350417 0.016302 0.026204
0 0.947083 0.595787 0.012500 0.018611
0 0.803203 0.444537 0.011406 0.019444
0 0.198203 0.515093 0.015781 0.025000
0 0.960000 0.254815 0.013021 0.020741
0 0.919792 0.193194 0.009479 0.018241
0 0.554688 0.464074 0.010417 0.017963
0 0.835859 0.523519 0.010260 0.014815
0 0.031016 0.309306 0.023906 0.033241
0 0.556484 0.434074 0.014219 0.025185
0 0.405417 0.532222 0.012813 0.022407
0 0.877708 0.564306 0.014688 0.022315
0 0.959401 0.537269 0.013906 0.023426
0 0.534714 0.253287 0.014219 0.024537
0 0.309714 0.256852 0.013177 0.020741
0 0.143021 0.663750 0.015000 0.024167
0 0.223802 0.492407 0.014687 0.026667
0 0.796719 0.391389 0.007812 0.012778
0 0.544219 0.256343 0.010208 0.021574
0 0.945573 0.042454 0.012083 0.017685
0 0.536120 0.274630 0.011198 0.019444
0 0.811901 0.380648 0.008594 0.014074
0 0.838229 0.463287 0.010312 0.017130
0 0.591016 0.345880 0.011302 0.021389
0 0.927396 0.191991 0.007708 0.017315
0 0.897292 0.525787 0.015208 0.026019
0 0.232786 0.515000 0.013385 0.024259
0 0.465365 0.525880 0.014375 0.024907
0 0.631172 0.503102 0.010990 0.018426
0 0.549271 0.098241 0.011979 0.022222
0 0.638490 0.514583 0.010312 0.016574
0 0.498620 0.262917 0.012865 0.022130
0 0.662760 0.323981 0.011667 0.018148
0 0.625885 0.336204 0.015417 0.025926
0 0.496120 0.191528 0.013490 0.023611
0 0.227057 0.170278 0.009948 0.017963
0 0.236797 0.170463 0.011094 0.018333
0 0.837474 0.586713 0.010781 0.017500
0 0.422109 0.272269 0.011302 0.021759
0 0.571693 0.626713 0.010885 0.021759
0 0.935911 0.324306 0.015885 0.024907
0 0.128880 0.303194 0.016406 0.024722
0 0.423490 0.581806 0.013125 0.024167
0 0.454010 0.632593 0.012396 0.021481
0 0.419115 0.623056 0.012187 0.020556
0 0.511302 0.457685 0.012604 0.023889
0 0.653516 0.416296 0.013281 0.022037
0 0.410495 0.563565 0.011823 0.022500
0 0.220885 0.231296 0.011875 0.019074
0 0.940312 0.276991 0.012917 0.020093
0 0.575313 0.349398 0.011979 0.020833
0 0.601406 0.349722 0.012292 0.024259
0 0.632995 0.211343 0.011823 0.021574
0 0.240078 0.500231 0.013177 0.024722
0 0.842005 0.177500 0.013385 0.020926
0 0.483490 0.072870 0.012292 0.022593
0 0.468333 0.073935 0.013021 0.022130
0 0.785599 0.321667 0.011094 0.019074
0 0.619219 0.424722 0.010625 0.021481
0 0.798229 0.402407 0.008125 0.012222
0 0.851693 0.257083 0.011094 0.017685
0 0.791198 0.273056 0.010312 0.017037
0 0.805312 0.126157 0.010417 0.017500
0 0.028411 0.767870 0.016198 0.026481
0 0.602995 0.518102 0.009323 0.020093
0 0.613229 0.433704 0.010312 0.018519
0 0.635286 0.365324 0.010677 0.018981
0 0.813281 0.536019 0.012604 0.018704
0 0.011719 0.138287 0.017396 0.024537
0 0.568203 0.440185 0.011615 0.020926
0 0.407526 0.265000 0.011302 0.019630
