0 0.991991 0.482474 0.016759 0.015677
0 0.637870 0.528724 0.031111 0.019010
0 0.212546 0.655208 0.027870 0.015417
0 0.971389 0.762474 0.035741 0.020885
0 0.814769 0.838698 0.029907 0.017188
0 0.419352 0.411302 0.028333 0.015208
0 0.632500 0.744089 0.030926 0.018177
0 0.943704 0.498984 0.036296 0.018385
0 0.855463 0.728594 0.027593 0.014375
0 0.635000 0.391771 0.036667 0.019792
0 0.577130 0.571719 0.026296 0.015417
0 0.549630 0.415312 0.033519 0.019375
0 0.641019 0.583698 0.031481 0.017292
0 0.609815 0.363073 0.025185 0.014792
0 0.771759 0.556120 0.029630 0.016094
0 0.756898 0.533516 0.031944 0.018490
0 0.783148 0.734427 0.035556 0.017604
0 0.317222 0.563177 0.032593 0.017083
0 0.600926 0.742188 0.033704 0.019479
0 0.799491 0.754687 0.027870 0.015417
0 0.374907 0.390469 0.026111 0.014687
0 0.293194 0.817500 0.024537 0.018125
0 0.449398 0.503203 0.023241 0.013490
0 0.417546 0.379531 0.030833 0.018021
0 0.426991 0.528984 0.027315 0.015781
0 0.642685 0.696302 0.023333 0.015208
0 0.318843 0.490990 0.023796 0.012292
0 0.325185 0.433906 0.024074 0.013021
0 0.571157 0.603177 0.024722 0.011979
0 0.274259 0.814401 0.029074 0.016406
0 0.323843 0.383802 0.026019 0.012604
0 0.942222 0.607812 0.027222 0.012708
0 0.689028 0.464870 0.022500 0.010677
0 0.700324 0.414401 0.027315 0.013802
0 0.995278 0.771484 0.011667 0.018594
0 0.351713 0.378203 0.024722 0.011406
0 0.651389 0.425286 0.028704 0.015990
0 0.309398 0.809479 0.026944 0.017083
0 0.267222 0.787943 0.029074 0.018594
0 0.688287 0.526406 0.030463 0.020000
0 0.814769 0.529089 0.038426 0.021615
0 0.244815 0.633672 0.034074 0.018594
0 0.590694 0.361667 0.015463 0.011146
0 0.830185 0.738880 0.033333 0.017865
0 0.454630 0.807474 0.026481 0.016823
0 0.301389 0.735599 0.025185 0.014531
0 0.386713 0.596094 0.023426 0.011667
0 0.462639 0.457943 0.027685 0.013490
0 0.353611 0.449531 0.021111 0.011875
0 0.738704 0.571276 0.035000 0.018281
0 0.601343 0.515286 0.034722 0.019219
0 0.830231 0.560625 0.032315 0.020000
0 0.663889 0.520000 0.037778 0.020104
0 0.894769 0.722682 0.026019 0.014844
0 0.566944 0.798620 0.032963 0.020573
0 0.717685 0.574115 0.021296 0.017292
0 0.678380 0.586354 0.020463 0.012188
0 0.667685 0.777370 0.024444 0.015990
0 0.443843 0.795078 0.032685 0.018906
0 0.632639 0.569115 0.033611 0.020625
