0 0.205185 0.392865 0.025741 0.013750
0 0.348889 0.671849 0.025000 0.016406
0 0.742731 0.321771 0.028056 0.017396
0 0.025231 0.640547 0.034352 0.019010
0 0.078102 0.547448 0.038426 0.020938
0 0.115509 0.694427 0.036759 0.020417
0 0.700324 0.293411 0.026944 0.014531
0 0.737963 0.253906 0.030370 0.018437
0 0.034769 0.537995 0.040278 0.021406
0 0.741250 0.302917 0.033056 0.020417
0 0.553704 0.375547 0.025000 0.015156
0 0.780000 0.306016 0.035185 0.023073
0 0.606991 0.553620 0.029907 0.016823
0 0.880926 0.729375 0.047407 0.026667
0 0.007963 0.598854 0.015926 0.024583
0 0.692963 0.299583 0.029444 0.015938
0 0.345139 0.609036 0.029167 0.016719
0 0.066296 0.631302 0.039259 0.023438
0 0.227731 0.120703 0.020833 0.011094
0 0.752870 0.542630 0.021667 0.012448
0 0.647454 0.508724 0.023981 0.012969
0 0.410648 0.608776 0.027963 0.015781
0 0.609907 0.352578 0.029074 0.018177
0 0.060509 0.251250 0.024907 0.015521
0 0.134444 0.400000 0.021667 0.012292
0 0.188657 0.402630 0.024722 0.014323
0 0.633889 0.365156 0.024259 0.014063
0 0.250000 0.500495 0.029815 0.016615
0 0.929769 0.858099 0.039352 0.021927
0 0.338472 0.190573 0.029907 0.017708
0 0.275278 0.111797 0.027037 0.015156
0 0.045648 0.650521 0.034074 0.019167
0 0.638611 0.437760 0.032222 0.016354
0 0.289907 0.228646 0.023889 0.014271
0 0.686991 0.443333 0.030278 0.016042
0 0.320741 0.138984 0.022593 0.012031
0 0.009583 0.472812 0.019167 0.018542
0 0.450093 0.663516 0.017407 0.012031
0 0.255093 0.230156 0.023519 0.012708
0 0.101574 0.699896 0.026852 0.013750
0 0.950787 0.815260 0.042315 0.024479
0 0.262269 0.564115 0.031944 0.017708
0 0.822824 0.521302 0.035278 0.019583
0 0.799306 0.666510 0.047685 0.025000
0 0.672222 0.383229 0.027407 0.014479
0 0.068519 0.683646 0.032222 0.018646
0 0.984815 0.766693 0.030370 0.026927
0 0.365694 0.662005 0.025463 0.016302
0 0.368935 0.192526 0.026019 0.016927
0 0.295370 0.662943 0.030000 0.017552
0 0.039676 0.251146 0.033241 0.019688
0 0.016065 0.718958 0.032130 0.018750
0 0.350602 0.648255 0.032315 0.019948
0 0.488009 0.324583 0.029167 0.016979
0 0.974491 0.289740 0.040463 0.020417
0 0.261806 0.655781 0.030463 0.018333
0 0.384769 0.640859 0.026204 0.015885
0 0.524537 0.395313 0.024815 0.012708
0 0.932315 0.835182 0.039815 0.023906
0 0.991019 0.567734 0.017963 0.018073
