0 0.868380 0.180286 0.020278 0.011719
0 0.527407 0.549010 0.048889 0.026354
0 0.597454 0.597396 0.039537 0.023542
0 0.626574 0.628099 0.043333 0.023594
0 0.365648 0.448151 0.047778 0.027344
0 0.856806 0.189818 0.020278 0.011719
0 0.846157 0.202083 0.019167 0.011250
0 0.955787 0.607526 0.031019 0.016823
0 0.479769 0.775104 0.024722 0.014271
0 0.863935 0.564479 0.030648 0.015937
0 0.861620 0.572708 0.039167 0.016146
0 0.755046 0.326250 0.031574 0.017396
0 0.815046 0.427630 0.029352 0.015885
0 0.783194 0.317917 0.022685 0.012604
0 0.848704 0.330781 0.020741 0.010937
0 0.838380 0.343438 0.021759 0.013333
0 0.413611 0.770703 0.044444 0.024635
0 0.899537 0.704661 0.036852 0.020885
0 0.450833 0.554609 0.036296 0.019531
0 0.434074 0.568516 0.034259 0.017240
0 0.138056 0.580313 0.044444 0.025000
0 0.630972 0.842187 0.039537 0.024688
0 0.526944 0.785026 0.035926 0.020885
0 0.497500 0.769714 0.032407 0.019115
0 0.558287 0.730391 0.034907 0.021302
0 0.812546 0.712500 0.035278 0.020000
0 0.808889 0.406380 0.030741 0.017448
0 0.842130 0.418620 0.031296 0.018177
0 0.874491 0.690312 0.031574 0.018854
0 0.919815 0.689375 0.032593 0.019271
0 0.969444 0.620547 0.032037 0.020052
0 0.980324 0.669193 0.033241 0.018490
0 0.309398 0.483333 0.049722 0.030104
