0 0.293333 0.582639 0.011458 0.020463
0 0.234010 0.370602 0.012917 0.022315
0 0.982865 0.406944 0.011250 0.016111
0 0.688906 0.725556 0.008542 0.016296
0 0.708594 0.710741 0.008542 0.014815
0 0.681849 0.693935 0.009635 0.017315
0 0.688802 0.689074 0.008750 0.015556
0 0.743490 0.665926 0.008125 0.014630
0 0.787708 0.476250 0.012813 0.023056
0 0.765234 0.629769 0.007760 0.016019
0 0.924896 0.450972 0.010521 0.019537
0 0.923281 0.406713 0.012604 0.019167
0 0.810599 0.693333 0.008385 0.015926
0 0.793516 0.662083 0.009948 0.015463
0 0.782891 0.662361 0.010885 0.015648
0 0.775677 0.649167 0.010208 0.017407
0 0.229089 0.906852 0.009844 0.017963
0 0.448151 0.496481 0.008594 0.016667
0 0.745521 0.626806 0.009479 0.016759
0 0.218464 0.742269 0.011510 0.020278
0 0.437005 0.532639 0.007344 0.013981
0 0.560651 0.288056 0.011198 0.020000
0 0.283620 0.636019 0.010885 0.018519
0 0.854792 0.625787 0.009375 0.017685
0 0.575859 0.506343 0.012760 0.023056
0 0.745547 0.767824 0.012656 0.020648
0 0.704271 0.321157 0.011875 0.020093
0 0.574349 0.347083 0.013073 0.025833
0 0.340234 0.674676 0.009531 0.017500
0 0.279766 0.651528 0.010885 0.019537
0 0.863333 0.629352 0.010417 0.018333
0 0.323125 0.694306 0.009896 0.017500
0 0.738672 0.660046 0.010260 0.018611
0 0.262839 0.846713 0.010365 0.017685
0 0.312917 0.737361 0.010000 0.016759
0 0.048073 0.781250 0.016875 0.029352
0 0.428490 0.675648 0.009688 0.017037
0 0.240521 0.620880 0.010000 0.016204
0 0.858802 0.556204 0.009792 0.017407
0 0.558385 0.626806 0.011146 0.022500
0 0.549922 0.698519 0.013385 0.024630
0 0.593177 0.263009 0.009792 0.016574
0 0.419323 0.628935 0.010417 0.018426
0 0.884557 0.554537 0.014427 0.020000
0 0.427083 0.531574 0.008125 0.014259
0 0.538854 0.264491 0.010521 0.018241
0 0.588021 0.351759 0.012292 0.022963
0 0.564401 0.345093 0.009740 0.022593
0 0.274479 0.835463 0.010625 0.019259
0 0.565182 0.274306 0.011510 0.020463
0 0.434062 0.437731 0.009271 0.016389
0 0.849349 0.303657 0.011094 0.018611
0 0.829089 0.672037 0.008698 0.013889
0 0.842135 0.527315 0.010208 0.017037
0 0.870208 0.557731 0.013646 0.021019
0 0.892604 0.600787 0.011458 0.018056
0 0.558698 0.766250 0.009375 0.016389
0 0.540599 0.694120 0.010260 0.019167
0 0.470156 0.708565 0.009375 0.017315
0 0.451823 0.700741 0.008333 0.014444
0 0.443802 0.670926 0.009167 0.015926
0 0.406484 0.633935 0.009115 0.015833
0 0.434661 0.614954 0.009740 0.019537
0 0.443437 0.609769 0.008854 0.018426
0 0.413958 0.579954 0.008125 0.014722
0 0.393490 0.530556 0.008229 0.013333
0 0.404922 0.531852 0.007656 0.012778
0 0.902604 0.647685 0.010104 0.016667
0 0.470182 0.546481 0.010781 0.019444
0 0.478724 0.514583 0.011719 0.019167
0 0.476354 0.532130 0.009375 0.016667
0 0.457109 0.448704 0.009115 0.015741
0 0.455781 0.425880 0.008021 0.015278
0 0.626120 0.796667 0.012135 0.022407
0 0.634714 0.810093 0.011406 0.020556
0 0.674974 0.762361 0.009010 0.014907
0 0.560964 0.408333 0.008802 0.015370
0 0.612969 0.366620 0.009896 0.016944
0 0.552214 0.325046 0.008906 0.016204
0 0.648151 0.429167 0.010781 0.018704
0 0.749453 0.756111 0.012969 0.023333
0 0.545859 0.853241 0.009740 0.018889
0 0.519297 0.759398 0.009010 0.016019
0 0.436927 0.475370 0.008125 0.015926
0 0.071615 0.989722 0.014479 0.022778
0 0.187917 0.861481 0.011875 0.018519
0 0.217943 0.886343 0.008594 0.015093
0 0.191536 0.702778 0.012760 0.020000
0 0.296328 0.714074 0.010052 0.018519
0 0.234896 0.639537 0.008854 0.015370
0 0.535547 0.856296 0.010469 0.017593
0 0.530599 0.844167 0.008698 0.016296
0 0.495182 0.962685 0.013802 0.027037
0 0.059401 0.751852 0.020990 0.030741
0 0.178203 0.562222 0.016406 0.026667
