0 0.328307 0.736481 0.008281 0.016111
0 0.677786 0.249630 0.011510 0.018519
0 0.464818 0.572176 0.014219 0.024907
0 0.304688 0.789583 0.008438 0.014537
0 0.470547 0.650046 0.010677 0.018796
0 0.948698 0.383009 0.011875 0.018611
0 0.880208 0.372222 0.009375 0.014815
0 0.902266 0.482778 0.009948 0.015370
0 0.124375 0.238241 0.013021 0.018889
0 0.348490 0.675046 0.007187 0.012685
0 0.599531 0.668426 0.013229 0.023333
0 0.634714 0.408194 0.011094 0.019352
0 0.509974 0.670556 0.011510 0.019259
0 0.275495 0.706574 0.011615 0.019259
0 0.005339 0.451944 0.010677 0.019444
0 0.452031 0.664583 0.010833 0.017130
0 0.480807 0.377778 0.010469 0.017407
0 0.268255 0.720417 0.011719 0.019907
0 0.958125 0.346019 0.010521 0.015741
0 0.929635 0.493657 0.010625 0.018426
0 0.047188 0.277778 0.014271 0.019259
0 0.912995 0.502870 0.012240 0.018889
0 0.488906 0.417917 0.012187 0.019537
0 0.881484 0.569120 0.009115 0.014537
0 0.081641 0.340231 0.015990 0.029907
0 0.159714 0.256806 0.013906 0.021759
0 0.489453 0.621204 0.010677 0.018704
0 0.593698 0.512454 0.014583 0.027500
0 0.472891 0.414954 0.013177 0.021389
0 0.453099 0.572639 0.013177 0.023056
0 0.058490 0.705926 0.012500 0.020741
0 0.072135 0.684722 0.013750 0.021296
0 0.019557 0.609769 0.010052 0.017315
0 0.114323 0.314491 0.011354 0.019167
0 0.131823 0.319583 0.011771 0.020463
0 0.106849 0.249398 0.012240 0.020648
0 0.204479 0.431944 0.010417 0.020370
0 0.884297 0.616389 0.009010 0.015741
0 0.416276 0.609769 0.009740 0.018056
0 0.458281 0.677917 0.009792 0.017500
0 0.710677 0.250787 0.010417 0.018056
0 0.591250 0.743565 0.011667 0.022315
0 0.887969 0.382593 0.011042 0.017593
0 0.096432 0.345926 0.014740 0.024444
0 0.114844 0.524074 0.013958 0.021296
0 0.575391 0.681667 0.013073 0.024630
0 0.468828 0.678194 0.009427 0.016759
0 0.584271 0.537917 0.013750 0.022685
0 0.318203 0.488704 0.014740 0.024444
0 0.724818 0.294398 0.009948 0.016019
0 0.311068 0.686852 0.010677 0.019815
0 0.637917 0.743380 0.008542 0.015463
0 0.327135 0.691759 0.008958 0.015741
0 0.331068 0.649491 0.009740 0.016574
0 0.439271 0.643333 0.009792 0.017407
0 0.931406 0.384352 0.011979 0.018704
0 0.225677 0.817130 0.015104 0.026296
0 0.487734 0.711389 0.008177 0.015926
0 0.870859 0.379861 0.008906 0.015463
0 0.602891 0.738333 0.010781 0.018333
0 0.878151 0.556250 0.008177 0.012870
0 0.352786 0.557130 0.009635 0.015185
0 0.368646 0.649537 0.008646 0.015926
0 0.877500 0.456991 0.009479 0.016389
0 0.238021 0.800602 0.014271 0.024722
0 0.045990 0.260324 0.014479 0.023611
0 0.365781 0.655370 0.008646 0.015926
0 0.185286 0.852593 0.013385 0.022222
0 0.962396 0.568287 0.009167 0.016019
0 0.945495 0.586389 0.010990 0.015000
0 0.941198 0.550139 0.010937 0.016204
0 0.895833 0.313102 0.007396 0.013981
0 0.901927 0.320463 0.009375 0.013889
0 0.862865 0.341806 0.008229 0.013981
0 0.843802 0.373519 0.008021 0.014444
0 0.512682 0.687731 0.007760 0.012870
0 0.525417 0.641389 0.009896 0.017037
0 0.508802 0.640509 0.009896 0.018981
0 0.129818 0.792824 0.010990 0.018241
0 0.246380 0.744815 0.009427 0.016296
0 0.315495 0.737269 0.009010 0.016389
0 0.311458 0.752917 0.010625 0.018426
0 0.314141 0.712037 0.008490 0.015926
0 0.305078 0.699028 0.009740 0.018056
0 0.325964 0.658611 0.008698 0.014815
0 0.341250 0.680278 0.007812 0.013704
0 0.889896 0.610417 0.006979 0.013981
0 0.202448 0.442407 0.009271 0.015926
0 0.846250 0.549815 0.008854 0.015556
0 0.849271 0.508102 0.008125 0.013981
0 0.854010 0.517407 0.008646 0.013519
0 0.837344 0.473796 0.008021 0.013333
0 0.839766 0.487593 0.007760 0.013333
0 0.825130 0.521343 0.009010 0.015093
0 0.833281 0.545000 0.010104 0.017963
0 0.781302 0.438889 0.009688 0.016296
0 0.784375 0.422593 0.010208 0.018148
0 0.723437 0.380648 0.008646 0.015556
0 0.719323 0.350648 0.008854 0.016481
0 0.593620 0.348889 0.009635 0.016667
0 0.694844 0.584074 0.008333 0.016667
