0 0.435787 0.772917 0.037870 0.022396
0 0.910556 0.677578 0.045000 0.026094
0 0.754306 0.418359 0.033981 0.019115
0 0.410602 0.296042 0.030278 0.016354
0 0.542361 0.669948 0.030648 0.020521
0 0.319537 0.684688 0.032037 0.019583
0 0.593935 0.821797 0.037500 0.022760
0 0.872083 0.633724 0.056759 0.030365
0 0.905093 0.636745 0.044444 0.029010
0 0.944861 0.641302 0.052685 0.028229
0 0.945000 0.674089 0.026111 0.013906
0 0.827685 0.668099 0.050185 0.029635
0 0.849537 0.691016 0.051852 0.028385
0 0.230833 0.646589 0.031111 0.017865
0 0.190741 0.653776 0.025370 0.016302
0 0.214444 0.656172 0.038889 0.022135
0 0.205972 0.682552 0.036574 0.021458
0 0.226157 0.682318 0.030833 0.019427
0 0.256065 0.671276 0.039537 0.024323
0 0.231667 0.705677 0.035926 0.020417
0 0.264583 0.715026 0.035833 0.020573
0 0.348472 0.753229 0.041389 0.021979
0 0.399769 0.786667 0.045463 0.022604
0 0.397917 0.775000 0.043241 0.025833
0 0.679074 0.821797 0.044259 0.025781
0 0.940000 0.660495 0.049074 0.021927
0 0.898333 0.199271 0.039259 0.023021
0 0.942778 0.228594 0.033333 0.018958
0 0.687731 0.412422 0.031019 0.017240
0 0.686343 0.396849 0.029167 0.017135
0 0.467176 0.750703 0.045278 0.026094
0 0.505324 0.803672 0.043426 0.024219
