0 0.008843 0.450703 0.017685 0.020573
0 0.837870 0.722500 0.019074 0.011250
0 0.649815 0.681224 0.048889 0.027969
0 0.323380 0.686667 0.041574 0.022083
0 0.383380 0.764375 0.042685 0.026042
0 0.312546 0.797526 0.043241 0.022969
0 0.225463 0.641589 0.028148 0.016094
0 0.670833 0.252005 0.025926 0.016615
0 0.386296 0.384010 0.040370 0.023438
0 0.634861 0.776927 0.040833 0.024583
0 0.374861 0.144687 0.037500 0.023125
0 0.205139 0.646328 0.025648 0.013281
0 0.298611 0.267135 0.028148 0.017188
0 0.827315 0.210807 0.025556 0.016406
0 0.222083 0.386745 0.036389 0.023073
0 0.520926 0.622370 0.028704 0.013802
0 0.090602 0.582552 0.043796 0.018958
0 0.605417 0.686224 0.040648 0.028073
0 0.421991 0.830182 0.037685 0.021615
0 0.464074 0.829401 0.045000 0.024323
0 0.893009 0.735547 0.031204 0.019010
0 0.464259 0.892188 0.042963 0.022292
0 0.877824 0.419948 0.028796 0.014479
0 0.862917 0.727813 0.030278 0.019687
0 0.822083 0.635859 0.032685 0.017031
0 0.201481 0.632708 0.028889 0.016771
0 0.135833 0.211406 0.036296 0.025000
0 0.608935 0.621302 0.037685 0.022292
0 0.204213 0.602813 0.041389 0.022917
0 0.328426 0.619896 0.037778 0.022187
0 0.327546 0.737734 0.037315 0.021823
0 0.074444 0.200703 0.034630 0.023385
0 0.349074 0.753203 0.043704 0.024010
0 0.117361 0.324688 0.048981 0.027812
0 0.598657 0.686094 0.035278 0.020625
0 0.419352 0.750677 0.042778 0.024479
0 0.849028 0.220599 0.032500 0.018594
0 0.398657 0.554714 0.028426 0.016927
0 0.814306 0.700755 0.028426 0.017240
0 0.088611 0.568151 0.042037 0.022760
0 0.035324 0.595885 0.037315 0.020938
0 0.437685 0.269896 0.035185 0.020937
0 0.747824 0.133880 0.026019 0.016094
0 0.575833 0.787188 0.029444 0.017500
0 0.924398 0.412187 0.024352 0.013437
0 0.269398 0.671094 0.028056 0.015833
0 0.478241 0.108437 0.030185 0.018854
0 0.914722 0.423750 0.022963 0.012396
0 0.452083 0.285286 0.032315 0.018698
0 0.502407 0.651484 0.028148 0.017031
0 0.639120 0.128255 0.025278 0.013802
0 0.674167 0.138203 0.020000 0.012865
1 0.690185 0.819974 0.025926 0.014219
0 0.107176 0.202292 0.042500 0.025521
0 0.377269 0.271875 0.047685 0.025937
0 0.453657 0.670547 0.042500 0.025365
0 0.362407 0.420573 0.040741 0.023021
0 0.661574 0.735495 0.032778 0.021615
0 0.419444 0.156432 0.037222 0.023073
0 0.646898 0.724896 0.037870 0.020938
0 0.688056 0.614740 0.038889 0.023021
0 0.527870 0.665234 0.040185 0.022448
0 0.170324 0.609974 0.034722 0.020260
0 0.878519 0.220443 0.027222 0.019323
0 0.638241 0.254792 0.025185 0.015521
0 0.226065 0.804792 0.024352 0.015000
0 0.992917 0.395729 0.014167 0.018021
0 0.698472 0.175859 0.023611 0.014740
0 0.806667 0.163490 0.028333 0.016250
0 0.852731 0.206224 0.029537 0.014531
0 0.452870 0.755729 0.028333 0.018125
