0 0.690651 0.311111 0.010469 0.022037
0 0.601016 0.425694 0.018594 0.031204
0 0.195208 0.665463 0.014479 0.022963
0 0.175573 0.428148 0.012396 0.019444
0 0.415729 0.850278 0.015312 0.026481
0 0.156615 0.414028 0.012500 0.017130
1 0.497708 0.961713 0.015521 0.031019
0 0.957422 0.368194 0.011198 0.018056
0 0.644375 0.838194 0.010208 0.021759
0 0.965469 0.560093 0.009896 0.013889
0 0.051771 0.646713 0.011667 0.021944
0 0.166615 0.699028 0.010417 0.020463
0 0.927292 0.509306 0.011875 0.017500
0 0.007396 0.690787 0.014687 0.022500
0 0.063099 0.478981 0.011510 0.019815
0 0.006484 0.388843 0.013698 0.022315
0 0.170495 0.468796 0.011198 0.018333
0 0.910208 0.547824 0.012604 0.022500
0 0.894609 0.549630 0.011510 0.020185
0 0.043984 0.419630 0.014219 0.023889
0 0.972526 0.554167 0.011719 0.019074
0 0.542917 0.399630 0.012292 0.022037
0 0.067005 0.465185 0.013802 0.023519
0 0.177917 0.446296 0.012292 0.019074
0 0.136094 0.553333 0.013021 0.022037
0 0.989792 0.617130 0.011979 0.022037
0 0.611510 0.390787 0.014792 0.026204
0 0.174219 0.460093 0.010312 0.016667
0 0.512188 0.714398 0.015104 0.027500
0 0.600990 0.876806 0.017396 0.030833
0 0.519089 0.950972 0.014010 0.028426
0 0.613125 0.662500 0.018125 0.031481
0 0.967682 0.543333 0.013906 0.020185
0 0.203281 0.683704 0.012813 0.022778
0 0.742370 0.691111 0.013385 0.024444
0 0.091875 0.406204 0.014896 0.021481
0 0.915625 0.597639 0.010521 0.018056
0 0.955000 0.551481 0.012292 0.021111
0 0.113932 0.523704 0.014115 0.022593
0 0.081484 0.789213 0.014115 0.028426
0 0.482396 0.446157 0.014687 0.024907
0 0.500286 0.455231 0.013906 0.025833
0 0.919323 0.516991 0.010521 0.016574
0 0.691276 0.355602 0.015885 0.025093
0 0.905312 0.554815 0.012083 0.020741
0 0.920911 0.538241 0.013385 0.023519
0 0.655104 0.980139 0.013125 0.025093
0 0.576432 0.408657 0.019323 0.029722
0 0.048724 0.390926 0.013802 0.023704
0 0.035000 0.870370 0.015000 0.024074
0 0.879427 0.542778 0.010417 0.017222
0 0.056198 0.531667 0.014583 0.020556
0 0.949635 0.465741 0.013021 0.020370
0 0.040104 0.541111 0.014792 0.022778
0 0.636693 0.763148 0.013281 0.024259
0 0.036927 0.655556 0.012917 0.022963
