0 0.603203 0.691435 0.009635 0.018611
0 0.375885 0.392361 0.010000 0.018981
0 0.768281 0.631019 0.010937 0.017778
0 0.781198 0.673935 0.010208 0.018056
0 0.738125 0.766713 0.011042 0.021204
0 0.379557 0.770694 0.009531 0.019537
0 0.575807 0.537963 0.009323 0.016481
0 0.627083 0.801944 0.007604 0.015556
0 0.302708 0.665509 0.010000 0.018426
0 0.968385 0.920093 0.012292 0.020556
0 0.931641 0.831759 0.012135 0.020556
0 0.945130 0.631528 0.012760 0.021389
0 0.560234 0.811991 0.009115 0.018796
0 0.577474 0.799907 0.009219 0.018704
1 0.602682 0.856435 0.010260 0.018241
0 0.877448 0.228056 0.009896 0.017963
0 0.848125 0.163889 0.010000 0.017593
0 0.840547 0.161667 0.012448 0.020556
0 0.779453 0.211111 0.007969 0.015741
0 0.628646 0.786389 0.009375 0.016296
0 0.884870 0.551065 0.013802 0.021389
0 0.867344 0.567685 0.011979 0.020000
0 0.856927 0.552500 0.013021 0.020556
0 0.770547 0.537593 0.012969 0.021296
0 0.784401 0.534074 0.012760 0.020926
0 0.803099 0.680370 0.010990 0.020000
0 0.715573 0.739907 0.008958 0.015370
0 0.762969 0.639213 0.010937 0.018426
0 0.736354 0.625648 0.013750 0.023889
0 0.631094 0.573333 0.011250 0.019815
0 0.575313 0.659861 0.010104 0.017315
0 0.588958 0.669722 0.009479 0.016667
0 0.612578 0.670787 0.009115 0.017315
0 0.175859 0.594815 0.010365 0.017222
0 0.059792 0.577685 0.011979 0.021852
0 0.128958 0.667778 0.008542 0.013889
0 0.125651 0.678519 0.011823 0.019444
0 0.086563 0.741250 0.011563 0.018611
0 0.096328 0.757917 0.010365 0.020278
0 0.087552 0.754722 0.012917 0.018704
0 0.038542 0.789491 0.013125 0.019537
0 0.167031 0.674537 0.009167 0.016481
0 0.730599 0.770278 0.009844 0.018519
0 0.645547 0.776574 0.009115 0.016296
0 0.341068 0.726343 0.009427 0.018796
0 0.734896 0.490556 0.011354 0.020185
0 0.804479 0.225185 0.010417 0.016852
0 0.084479 0.415972 0.012396 0.020463
0 0.421849 0.550046 0.009531 0.015648
0 0.845625 0.250231 0.012083 0.020093
0 0.620286 0.767639 0.008490 0.018611
0 0.619948 0.788009 0.009375 0.018796
0 0.568984 0.810093 0.011615 0.019630
0 0.769245 0.701296 0.009844 0.013889
0 0.843385 0.778241 0.013229 0.022778
0 0.186589 0.592315 0.011510 0.018148
0 0.313229 0.676759 0.009583 0.017963
0 0.821302 0.205370 0.013125 0.020926
0 0.162135 0.669074 0.010000 0.017407
0 0.698958 0.569630 0.014271 0.025185
0 0.571354 0.796806 0.011354 0.021019
0 0.551771 0.814074 0.013125 0.023519
0 0.641094 0.544074 0.015312 0.026296
0 0.555312 0.250509 0.012812 0.021019
0 0.970990 0.930972 0.012708 0.021574
0 0.030703 0.776435 0.013906 0.021759
0 0.783620 0.209306 0.008698 0.016204
0 0.291745 0.665093 0.010781 0.019630
0 0.151536 0.621157 0.010260 0.018241
0 0.820885 0.250046 0.010833 0.016759
0 0.362083 0.346667 0.009688 0.017407
0 0.373672 0.372500 0.011094 0.020926
0 0.609609 0.306944 0.010052 0.018148
0 0.895312 0.384676 0.014375 0.022870
0 0.891510 0.238843 0.010729 0.016389
0 0.748932 0.612500 0.011615 0.020000
0 0.354974 0.755741 0.009844 0.017222
0 0.461406 0.797870 0.014063 0.025741
0 0.975078 0.775880 0.013490 0.022315
0 0.286562 0.672824 0.010104 0.019352
0 0.101328 0.687824 0.012656 0.020833
0 0.510573 0.758704 0.012604 0.021111
0 0.492760 0.723519 0.010104 0.017963
0 0.564766 0.538102 0.009219 0.016204
0 0.496094 0.286852 0.009479 0.016667
0 0.485417 0.281713 0.009896 0.017130
0 0.383203 0.208657 0.010365 0.016389
0 0.356615 0.321574 0.010000 0.018519
0 0.470833 0.826713 0.009375 0.017315
0 0.412865 0.737639 0.010208 0.019722
0 0.346719 0.735556 0.011250 0.021481
0 0.091510 0.411065 0.009271 0.016574
0 0.089010 0.478333 0.012917 0.021852
0 0.515729 0.723426 0.013021 0.020926
0 0.034115 0.756759 0.015104 0.022407
0 0.739974 0.717639 0.011094 0.017500
0 0.515990 0.831898 0.012292 0.023426
0 0.524089 0.828148 0.011615 0.021667
0 0.630208 0.307639 0.010625 0.018056
0 0.804688 0.724259 0.012604 0.022407
0 0.484531 0.628194 0.013125 0.020278
0 0.393203 0.789769 0.009323 0.018056
0 0.401927 0.785556 0.010104 0.019074
0 0.821224 0.734583 0.014219 0.023241
0 0.794531 0.609815 0.013021 0.021296
0 0.528411 0.788796 0.013281 0.024259
0 0.662500 0.849028 0.010625 0.024722
0 0.721979 0.623889 0.012396 0.021481
0 0.671484 0.835139 0.013385 0.022500
0 0.910729 0.365926 0.015312 0.025185
