0 0.889444 0.290599 0.031667 0.015885
0 0.820509 0.542917 0.023796 0.012396
0 0.173287 0.690781 0.030093 0.017396
0 0.188519 0.715313 0.032407 0.017292
0 0.328843 0.660104 0.026944 0.015104
0 0.858704 0.413932 0.021111 0.011615
0 0.144676 0.708698 0.023796 0.014375
0 0.354630 0.682214 0.018889 0.011406
0 0.006898 0.743698 0.013981 0.014792
0 0.955648 0.426615 0.025741 0.012813
0 0.820787 0.493516 0.021759 0.011510
0 0.381991 0.474193 0.021389 0.011719
0 0.802778 0.454896 0.021667 0.011042
0 0.895694 0.579219 0.025093 0.012708
0 0.507917 0.433516 0.023426 0.011615
0 0.803935 0.441693 0.023611 0.010365
0 0.915880 0.506016 0.023611 0.014010
0 0.522454 0.487187 0.023056 0.012396
0 0.925880 0.589922 0.025833 0.013802
0 0.343750 0.687891 0.023241 0.013802
0 0.962500 0.629818 0.020000 0.011510
0 0.225741 0.723984 0.029444 0.016302
0 0.298009 0.678125 0.026204 0.015208
0 0.128009 0.840521 0.029167 0.017708
0 0.109306 0.682604 0.038241 0.018021
0 0.419120 0.627995 0.027315 0.013594
0 0.375833 0.646797 0.025000 0.015677
0 0.965417 0.457500 0.031389 0.014583
0 0.162639 0.713333 0.028611 0.017917
0 0.515231 0.521172 0.020278 0.010990
0 0.796528 0.430495 0.027870 0.013802
0 0.401481 0.661094 0.019815 0.012188
0 0.973611 0.562891 0.022037 0.013490
0 0.032731 0.680495 0.033426 0.015885
0 0.856065 0.537005 0.018056 0.009219
0 0.812963 0.488099 0.024815 0.013177
0 0.471389 0.520104 0.021481 0.011875
0 0.485000 0.508125 0.025000 0.013125
0 0.273148 0.511510 0.022963 0.013125
0 0.141250 0.684766 0.027870 0.018281
0 0.906481 0.370990 0.025370 0.014375
0 0.875602 0.468594 0.027315 0.014479
0 0.534352 0.514505 0.022593 0.011406
0 0.075324 0.670495 0.028796 0.016302
0 0.054861 0.688073 0.030463 0.014479
0 0.923565 0.503802 0.025463 0.013021
0 0.988056 0.427786 0.024630 0.016615
0 0.983611 0.465807 0.031111 0.016198
0 0.867361 0.508099 0.023611 0.013177
0 0.034074 0.473880 0.025741 0.013906
0 0.749352 0.451875 0.022778 0.012396
0 0.894444 0.534010 0.017963 0.009792
0 0.990324 0.557891 0.019352 0.010156
0 0.835648 0.402161 0.021481 0.012552
0 0.949583 0.608073 0.018981 0.010000
0 0.490185 0.517370 0.020185 0.010781
0 0.991019 0.564896 0.017963 0.014583
0 0.920370 0.518047 0.021111 0.011510
0 0.395046 0.645833 0.016574 0.008542
