0 0.070573 0.619815 0.010313 0.017407
0 0.897161 0.801667 0.011302 0.019259
0 0.661875 0.356991 0.009687 0.016389
0 0.751198 0.726250 0.010000 0.016759
0 0.314870 0.714769 0.010990 0.022130
0 0.743594 0.351944 0.011042 0.019259
0 0.619661 0.385231 0.009740 0.018796
0 0.932552 0.534769 0.008750 0.015093
0 0.004818 0.703241 0.009635 0.026111
0 0.275807 0.789398 0.014010 0.023241
0 0.878073 0.825139 0.010312 0.019907
0 0.315104 0.384630 0.007812 0.014630
0 0.319531 0.366759 0.009896 0.019074
1 0.492161 0.820417 0.009531 0.017870
0 0.435130 0.825231 0.013698 0.023426
0 0.350677 0.863657 0.011250 0.019537
0 0.209583 0.681157 0.011250 0.019722
0 0.198047 0.670833 0.007344 0.012778
0 0.677604 0.324861 0.010417 0.018241
0 0.767109 0.804676 0.013281 0.021389
0 0.833594 0.807269 0.010104 0.017500
0 0.976406 0.301713 0.013125 0.018796
0 0.077708 0.626574 0.010521 0.018704
0 0.059219 0.630741 0.013125 0.019815
0 0.851510 0.779491 0.015000 0.023796
0 0.632708 0.409861 0.010625 0.016759
0 0.320990 0.712870 0.008750 0.016667
0 0.649740 0.399954 0.011146 0.018056
0 0.214271 0.767824 0.011979 0.021574
0 0.302656 0.710972 0.012604 0.022685
0 0.244948 0.713611 0.011458 0.019630
0 0.736667 0.249769 0.011042 0.018611
0 0.989062 0.369398 0.011875 0.018611
0 0.922005 0.509954 0.013281 0.021759
0 0.869453 0.827176 0.010469 0.017315
0 0.854323 0.724444 0.012396 0.019444
0 0.616745 0.778148 0.010469 0.018704
0 0.088359 0.702454 0.009219 0.015463
0 0.397552 0.869907 0.013229 0.022593
0 0.806510 0.245000 0.010000 0.015741
0 0.840234 0.595463 0.012135 0.020000
0 0.657370 0.205602 0.010781 0.017870
0 0.717318 0.402222 0.007552 0.015000
0 0.628854 0.483981 0.008854 0.015185
0 0.647604 0.494306 0.009167 0.016759
0 0.725859 0.625231 0.010885 0.018241
0 0.434479 0.559907 0.009896 0.018148
0 0.425312 0.545370 0.010625 0.018889
0 0.447266 0.565463 0.010885 0.019074
0 0.452786 0.551713 0.009740 0.016389
0 0.476068 0.544259 0.010052 0.017963
0 0.482214 0.581343 0.010469 0.017315
0 0.452682 0.608333 0.007552 0.013704
0 0.464661 0.617130 0.011719 0.019815
0 0.475990 0.640370 0.007812 0.014630
0 0.793125 0.836713 0.012292 0.019167
0 0.012474 0.714167 0.010365 0.017593
0 0.257214 0.387315 0.011615 0.021481
0 0.207891 0.706065 0.011510 0.021389
0 0.191068 0.717917 0.007031 0.013796
0 0.163646 0.540880 0.011250 0.017315
0 0.337969 0.871296 0.011250 0.020185
0 0.330234 0.889352 0.011719 0.020185
0 0.298099 0.810000 0.008490 0.015556
0 0.301979 0.787963 0.009479 0.017778
0 0.305000 0.764213 0.008021 0.015093
0 0.255417 0.801944 0.008021 0.014074
0 0.245365 0.807130 0.007292 0.013333
0 0.284922 0.687176 0.010885 0.018426
0 0.257005 0.674306 0.012135 0.021574
0 0.240729 0.682685 0.012292 0.021296
0 0.253333 0.760463 0.011458 0.019259
0 0.234010 0.770139 0.012396 0.021574
0 0.232995 0.787593 0.007865 0.014444
0 0.225573 0.787222 0.011979 0.020000
0 0.216276 0.797546 0.008385 0.013981
0 0.838255 0.672500 0.013177 0.018148
0 0.871146 0.276296 0.011875 0.018333
0 0.801380 0.823889 0.012760 0.021296
0 0.049635 0.677593 0.012083 0.019444
0 0.737865 0.509769 0.012083 0.018981
0 0.747708 0.475741 0.013854 0.022963
0 0.054688 0.716157 0.010313 0.015648
0 0.860547 0.577778 0.012448 0.019259
0 0.878542 0.767778 0.012500 0.020926
0 0.056667 0.691111 0.013437 0.022407
0 0.019766 0.479676 0.012865 0.019537
0 0.060703 0.729537 0.010156 0.015000
0 0.030339 0.467176 0.013906 0.019722
0 0.073776 0.719352 0.010156 0.016481
0 0.257422 0.724074 0.011927 0.020556
0 0.877448 0.445000 0.012396 0.020926
1 0.249635 0.882407 0.010104 0.019259
0 0.085859 0.622963 0.011823 0.019815
0 0.008437 0.759352 0.009375 0.016296
0 0.911849 0.643704 0.011927 0.022037
0 0.045443 0.471204 0.012240 0.020000
0 0.269609 0.703287 0.011406 0.018796
0 0.727995 0.403611 0.009219 0.016111
0 0.987031 0.690046 0.011354 0.016204
0 0.966484 0.595648 0.007865 0.012222
0 0.990807 0.544074 0.009115 0.013519
0 0.951458 0.474491 0.010625 0.018981
0 0.957917 0.506528 0.010208 0.018426
0 0.952969 0.527963 0.007812 0.012778
0 0.840000 0.795000 0.008750 0.015000
0 0.824740 0.777037 0.010625 0.017963
0 0.818125 0.600602 0.010625 0.018611
0 0.851146 0.600185 0.011250 0.019444
