0 0.264028 0.773724 0.033426 0.017760
0 0.601389 0.514661 0.030926 0.015573
0 0.762731 0.232031 0.023981 0.014063
0 0.661296 0.482474 0.028519 0.015990
0 0.064306 0.726328 0.038796 0.022031
0 0.065370 0.821979 0.041667 0.021667
0 0.033148 0.841120 0.038889 0.021406
0 0.341898 0.763776 0.029537 0.019948
0 0.304352 0.755547 0.039444 0.023906
0 0.268056 0.786615 0.032037 0.017292
0 0.158472 0.535078 0.035093 0.018802
0 0.180648 0.845521 0.042222 0.023750
0 0.621713 0.709349 0.029907 0.018698
0 0.641991 0.687500 0.043056 0.024688
0 0.114630 0.394193 0.047778 0.024323
0 0.846481 0.487630 0.027593 0.015990
0 0.809352 0.328099 0.025741 0.014531
0 0.824954 0.338984 0.036204 0.018490
0 0.732963 0.329062 0.025370 0.014792
0 0.711806 0.320599 0.026204 0.014219
0 0.704028 0.312500 0.018611 0.010833
0 0.728380 0.234115 0.023981 0.014167
0 0.715972 0.243047 0.024722 0.014531
0 0.189583 0.465807 0.044352 0.024323
0 0.601111 0.702005 0.035370 0.020052
