0 0.929505 0.679213 0.012969 0.018611
0 0.925599 0.726991 0.013281 0.025648
0 0.903177 0.651574 0.012187 0.021852
0 0.909062 0.666620 0.010937 0.018796
0 0.834115 0.721528 0.011875 0.023611
0 0.755208 0.675602 0.011667 0.021759
0 0.687917 0.240648 0.012917 0.020370
0 0.957812 0.140231 0.012812 0.021019
0 0.890573 0.304028 0.011875 0.023611
1 0.267969 0.746806 0.014479 0.022500
0 0.541771 0.415556 0.012917 0.023148
0 0.743516 0.625556 0.011094 0.019259
0 0.703411 0.591481 0.011823 0.022222
0 0.411823 0.893287 0.019896 0.037130
0 0.168516 0.721806 0.021302 0.037685
0 0.553333 0.420278 0.013125 0.025185
0 0.729688 0.582269 0.012083 0.023611
0 0.762422 0.079676 0.011198 0.021389
0 0.430703 0.167546 0.018698 0.036759
0 0.322188 0.626065 0.017604 0.034907
0 0.276016 0.397685 0.021719 0.034074
0 0.324297 0.778241 0.015990 0.028333
0 0.295911 0.353889 0.018490 0.032778
0 0.435625 0.527222 0.013021 0.027407
0 0.974688 0.654352 0.015417 0.024444
0 0.566302 0.414074 0.012917 0.024074
0 0.849714 0.218426 0.013698 0.025741
0 0.796875 0.440787 0.014583 0.021204
0 0.711667 0.342222 0.014375 0.025556
0 0.797526 0.710880 0.014219 0.022870
0 0.134115 0.409491 0.017396 0.026389
0 0.650625 0.367731 0.012708 0.021574
0 0.538281 0.406435 0.012292 0.023056
0 0.209401 0.778426 0.018490 0.034815
0 0.625807 0.709028 0.011406 0.023796
0 0.272109 0.678287 0.016198 0.028426
0 0.742396 0.702917 0.012500 0.020463
0 0.692448 0.327731 0.011146 0.019167
0 0.295312 0.455972 0.015104 0.027870
0 0.754245 0.083009 0.011510 0.017870
0 0.742812 0.401852 0.008646 0.014444
0 0.158880 0.739954 0.013698 0.031944
0 0.185182 0.385370 0.021406 0.033519
0 0.347995 0.191389 0.023177 0.041481
0 0.282995 0.370694 0.024115 0.038611
0 0.295000 0.181435 0.022708 0.034537
0 0.158125 0.495926 0.023125 0.035000
0 0.506927 0.571574 0.017604 0.032037
0 0.361094 0.461991 0.018021 0.034907
0 0.345885 0.594259 0.019583 0.032407
0 0.338203 0.618380 0.018698 0.031204
0 0.284714 0.155000 0.021094 0.031667
0 0.424479 0.440185 0.019583 0.034630
0 0.947604 0.750556 0.015312 0.025741
0 0.567109 0.342083 0.011615 0.019722
0 0.280026 0.446250 0.016302 0.027130
0 0.230000 0.632037 0.017708 0.028704
0 0.145781 0.472593 0.017500 0.035370
0 0.396927 0.055880 0.010417 0.022130
0 0.206198 0.166204 0.014583 0.027407
0 0.756484 0.073194 0.011615 0.020278
0 0.654401 0.359074 0.011615 0.019630
0 0.686224 0.656898 0.011510 0.021944
0 0.222630 0.767731 0.019115 0.029907
0 0.775885 0.698241 0.013437 0.022222
