0 0.252917 0.597963 0.012292 0.020741
0 0.040208 0.350185 0.017292 0.027593
0 0.776823 0.304028 0.008333 0.013611
0 0.966406 0.653380 0.013125 0.023981
0 0.930990 0.364213 0.009479 0.018611
0 0.178776 0.715741 0.013594 0.023704
0 0.669792 0.396157 0.014792 0.025093
0 0.279896 0.750926 0.013125 0.022963
0 0.264193 0.612917 0.014115 0.022130
0 0.470599 0.422083 0.011198 0.018981
0 0.179818 0.489398 0.016615 0.029537
0 0.201927 0.636157 0.012708 0.024537
0 0.707812 0.437963 0.014479 0.026296
0 0.701589 0.523981 0.013177 0.025000
0 0.477526 0.427269 0.009219 0.017315
0 0.480990 0.435046 0.008125 0.016574
0 0.772109 0.299259 0.007448 0.014074
0 0.155703 0.862731 0.013177 0.024537
0 0.158021 0.543843 0.015000 0.023056
0 0.926797 0.649583 0.010781 0.017870
0 0.912292 0.358981 0.010208 0.016667
0 0.810573 0.030463 0.010729 0.015000
0 0.959167 0.590231 0.009583 0.017315
0 0.514792 0.486435 0.009062 0.016574
0 0.098906 0.417963 0.015104 0.026481
0 0.256979 0.578472 0.014583 0.024907
0 0.029375 0.905509 0.016979 0.027500
0 0.094870 0.761111 0.018177 0.028519
0 0.037214 0.380000 0.018177 0.029259
0 0.881901 0.403519 0.011198 0.019630
0 0.496198 0.419444 0.012187 0.020741
0 0.759323 0.834028 0.014896 0.022870
0 0.770807 0.420370 0.014010 0.023889
0 0.267188 0.498287 0.015000 0.025278
0 0.599115 0.763704 0.012188 0.023704
0 0.946797 0.569722 0.011719 0.019444
0 0.989661 0.588935 0.009010 0.015648
0 0.503411 0.298056 0.009115 0.015000
0 0.847396 0.580926 0.010521 0.016667
0 0.334948 0.511157 0.012187 0.018796
0 0.712552 0.836481 0.013542 0.022963
0 0.076615 0.887731 0.017917 0.027685
0 0.700703 0.826528 0.011823 0.022500
0 0.092786 0.743380 0.014219 0.023796
0 0.656589 0.563287 0.013594 0.023611
0 0.723099 0.821806 0.013802 0.023426
0 0.781615 0.407731 0.015625 0.024722
0 0.736198 0.832130 0.015208 0.022593
0 0.790391 0.276528 0.008906 0.016019
0 0.711094 0.816528 0.009271 0.018241
0 0.792161 0.406065 0.010781 0.020093
0 0.230130 0.429074 0.008281 0.009259
0 0.544740 0.654954 0.012187 0.020648
0 0.508620 0.281852 0.007448 0.015185
0 0.765469 0.307500 0.009583 0.014074
0 0.584323 0.024352 0.009062 0.016852
0 0.730417 0.121944 0.007917 0.015000
0 0.783021 0.040926 0.011146 0.014074
0 0.821328 0.078889 0.010260 0.019259
0 0.830937 0.080278 0.010729 0.020000
0 0.815677 0.070694 0.009479 0.017315
0 0.591328 0.775139 0.011615 0.021389
0 0.994010 0.602917 0.012188 0.021574
0 0.970208 0.420648 0.013125 0.020185
0 0.674323 0.547731 0.010208 0.017685
0 0.580495 0.774815 0.011094 0.019815
0 0.827083 0.061111 0.012292 0.020000
0 0.962708 0.368981 0.012500 0.018333
0 0.987005 0.687593 0.013177 0.020185
0 0.801589 0.048657 0.011719 0.022130
0 0.859193 0.582870 0.011302 0.017963
0 0.229870 0.439630 0.010885 0.015370
0 0.774036 0.771343 0.014323 0.026759
