0 0.253125 0.464213 0.012708 0.020833
0 0.330313 0.516204 0.015312 0.030556
0 0.395807 0.647917 0.013281 0.021944
0 0.994115 0.709954 0.013125 0.024167
0 0.922969 0.457269 0.016979 0.026759
0 0.162786 0.355556 0.019219 0.030185
0 0.960703 0.862176 0.016198 0.026019
0 0.213672 0.733796 0.018594 0.028704
0 0.785078 0.617685 0.018698 0.026667
0 0.932682 0.664722 0.018177 0.030185
0 0.331797 0.378704 0.015885 0.026667
0 0.476406 0.711574 0.013021 0.021667
0 0.260417 0.734630 0.017813 0.029444
0 0.413385 0.652639 0.014687 0.025093
0 0.226380 0.343981 0.018698 0.029630
0 0.377786 0.580880 0.016823 0.027500
0 0.296276 0.736157 0.018281 0.030833
0 0.948880 0.829907 0.018698 0.027037
0 0.389609 0.761991 0.015781 0.028981
0 0.213620 0.329352 0.018698 0.031481
1 0.375182 0.895694 0.013802 0.026389
0 0.161615 0.320278 0.017604 0.027407
1 0.291797 0.983657 0.017552 0.027870
0 0.088125 0.564259 0.013646 0.021111
0 0.416458 0.529630 0.013125 0.020185
0 0.453698 0.554167 0.014271 0.024259
0 0.314010 0.731481 0.009271 0.024259
0 0.307891 0.738704 0.008594 0.023704
0 0.424375 0.706250 0.012500 0.023611
0 0.416224 0.292824 0.014219 0.026389
0 0.862786 0.729907 0.014427 0.024259
0 0.329896 0.592639 0.014479 0.027315
0 0.887318 0.033843 0.011302 0.021944
0 0.182682 0.312500 0.016615 0.029815
0 0.874115 0.616157 0.015104 0.026204
0 0.360104 0.582037 0.013021 0.023333
0 0.937786 0.423194 0.015885 0.028056
0 0.996016 0.110046 0.008490 0.020463
0 0.845911 0.832176 0.018177 0.025093
0 0.970599 0.015880 0.014115 0.018056
0 0.432500 0.688519 0.011875 0.021481
0 0.078828 0.527731 0.011823 0.021204
0 0.626302 0.545648 0.013021 0.022222
0 0.254167 0.621528 0.010521 0.020093
0 0.946328 0.649213 0.017031 0.025463
0 0.848151 0.636111 0.011198 0.020185
0 0.972604 0.489815 0.012292 0.027037
0 0.919609 0.282315 0.013385 0.020000
0 0.921589 0.296111 0.015677 0.022593
0 0.896302 0.252500 0.014063 0.024815
0 0.912917 0.259907 0.015521 0.025000
0 0.520182 0.626991 0.010677 0.018241
0 0.907187 0.326944 0.017500 0.030741
0 0.915130 0.066806 0.010885 0.021389
0 0.959479 0.032315 0.012188 0.021667
0 0.927786 0.018056 0.013385 0.020741
0 0.042005 0.574676 0.014115 0.025278
0 0.456016 0.656343 0.011823 0.018981
0 0.944297 0.122130 0.014323 0.024074
0 0.390130 0.322315 0.014219 0.027407
0 0.230990 0.370694 0.014583 0.024537
0 0.350885 0.573102 0.014583 0.028056
0 0.857812 0.640972 0.015521 0.023796
0 0.170729 0.763750 0.012708 0.021389
0 0.908932 0.039815 0.014115 0.020370
0 0.799193 0.771574 0.013802 0.027407
0 0.880885 0.019398 0.012500 0.022315
0 0.835391 0.260324 0.011094 0.018611
0 0.896901 0.033935 0.014010 0.022500
0 0.235208 0.682639 0.020417 0.036204
0 0.727630 0.691296 0.011510 0.020000
0 0.849583 0.131667 0.014375 0.023519
0 0.968073 0.109398 0.014375 0.023426
0 0.624766 0.509676 0.013281 0.021944
0 0.917188 0.659537 0.017083 0.028704
0 0.641901 0.289815 0.011510 0.021111
0 0.969505 0.034167 0.014323 0.020556
0 0.449818 0.529444 0.014323 0.023704
