0 0.451481 0.566667 0.026296 0.015833
0 0.427176 0.346198 0.036204 0.023125
0 0.515185 0.235573 0.029630 0.017917
0 0.376759 0.214062 0.030000 0.014896
0 0.489769 0.592995 0.022870 0.010885
0 0.372269 0.242292 0.038611 0.022083
0 0.355139 0.729375 0.034907 0.019792
0 0.301343 0.740182 0.022870 0.015781
0 0.336250 0.739557 0.035093 0.017135
0 0.367130 0.712031 0.036481 0.021875
0 0.460093 0.509089 0.024259 0.012969
0 0.422315 0.568776 0.033519 0.018490
0 0.408657 0.726979 0.040278 0.022604
0 0.358472 0.270365 0.039907 0.024479
0 0.108704 0.101536 0.048704 0.026823
0 0.149398 0.688411 0.044537 0.025885
0 0.310370 0.753516 0.033333 0.019219
0 0.440787 0.531875 0.031019 0.017396
0 0.482176 0.514323 0.027500 0.015313
0 0.404444 0.583073 0.029259 0.017188
0 0.633889 0.323672 0.039259 0.021094
0 0.615741 0.358281 0.033519 0.019792
0 0.410370 0.211927 0.032963 0.020417
0 0.407037 0.230130 0.033889 0.019010
0 0.131852 0.122891 0.042222 0.025885
0 0.392269 0.341927 0.036759 0.022604
0 0.200417 0.493984 0.020463 0.010885
0 0.265926 0.244401 0.027222 0.015990
0 0.109398 0.286953 0.031944 0.018490
0 0.285509 0.748281 0.020648 0.013646
0 0.467593 0.679505 0.040370 0.021823
0 0.384861 0.721979 0.032500 0.016979
0 0.394722 0.301380 0.041111 0.023490
0 0.730231 0.272318 0.039537 0.023594
0 0.408426 0.536094 0.025741 0.014375
