0 0.812552 0.527963 0.011563 0.019074
0 0.384271 0.582130 0.013125 0.023889
0 0.369688 0.581944 0.015938 0.026667
0 0.588828 0.878843 0.011719 0.022870
0 0.268516 0.504259 0.013698 0.022778
0 0.785052 0.514028 0.013021 0.022130
0 0.609557 0.533194 0.012344 0.025463
0 0.259219 0.466944 0.009688 0.017407
0 0.251536 0.444769 0.010052 0.017685
0 0.789531 0.622593 0.009062 0.016481
0 0.384818 0.640602 0.008177 0.017870
0 0.633698 0.605648 0.010417 0.019074
0 0.783516 0.420602 0.010677 0.017315
0 0.393958 0.636991 0.009583 0.017130
0 0.781016 0.476435 0.011719 0.019352
0 0.697995 0.671759 0.009115 0.014444
0 0.979115 0.665185 0.009479 0.016667
0 0.872266 0.498287 0.013698 0.023056
0 0.886458 0.487222 0.015104 0.024630
0 0.267760 0.526481 0.013438 0.020000
0 0.220469 0.759398 0.009896 0.019537
0 0.249661 0.456528 0.009531 0.015463
0 0.255156 0.356944 0.008854 0.016296
0 0.121589 0.851806 0.011719 0.021759
0 0.271562 0.555046 0.010937 0.017315
0 0.393932 0.652824 0.009115 0.015463
0 0.461823 0.822269 0.008958 0.018981
0 0.738411 0.679167 0.013177 0.022963
0 0.717604 0.676898 0.009271 0.018241
0 0.629115 0.751250 0.012604 0.023426
0 0.674792 0.463935 0.008542 0.018611
0 0.451042 0.639213 0.007500 0.013611
0 0.477891 0.734537 0.009531 0.017963
0 0.446615 0.821667 0.009271 0.021852
0 0.433958 0.740463 0.010417 0.019630
0 0.378151 0.605509 0.011615 0.020463
0 0.351901 0.626713 0.011615 0.021389
0 0.777083 0.756250 0.010313 0.018981
0 0.438828 0.746991 0.011094 0.020648
0 0.765234 0.764259 0.010156 0.017222
0 0.364115 0.626944 0.012396 0.020370
0 0.664010 0.906250 0.015625 0.029722
0 0.997214 0.452824 0.006198 0.029907
0 0.350365 0.549537 0.011979 0.020741
0 0.357891 0.605093 0.014115 0.021481
0 0.239193 0.670000 0.013594 0.023704
0 0.265495 0.421389 0.013490 0.024259
0 0.452526 0.820278 0.010260 0.021481
0 0.327474 0.384815 0.011823 0.022037
0 0.602943 0.606157 0.013281 0.023426
0 0.234714 0.659861 0.007969 0.014907
0 0.884245 0.527639 0.013802 0.023981
0 0.852656 0.586667 0.009062 0.015926
0 0.821745 0.587454 0.009740 0.018241
0 0.814870 0.596898 0.010260 0.017500
0 0.767526 0.432824 0.009219 0.016944
0 0.786042 0.405556 0.010729 0.017037
0 0.282135 0.554861 0.008854 0.016019
0 0.725339 0.680000 0.011823 0.021852
0 0.800859 0.528009 0.011094 0.019352
0 0.756406 0.415926 0.010625 0.016852
0 0.661771 0.490833 0.012187 0.021111
0 0.271406 0.458380 0.009896 0.017685
0 0.758464 0.732130 0.010469 0.018519
