0 0.093125 0.228009 0.015417 0.023426
0 0.687109 0.426759 0.013177 0.022407
0 0.912786 0.623426 0.013594 0.021296
0 0.719740 0.112870 0.011667 0.017593
0 0.788099 0.164028 0.016094 0.031204
0 0.425781 0.400972 0.012396 0.019722
0 0.362083 0.529722 0.012708 0.023704
0 0.759818 0.357593 0.015885 0.025926
0 0.305911 0.412454 0.011719 0.021944
0 0.387708 0.339167 0.012917 0.023889
0 0.074297 0.166898 0.016406 0.023611
0 0.312682 0.303009 0.013594 0.024537
0 0.922109 0.634306 0.010990 0.021389
0 0.154089 0.176296 0.014010 0.022407
0 0.864635 0.384028 0.006979 0.020463
0 0.911250 0.638102 0.013750 0.018241
0 0.316927 0.471296 0.009896 0.017593
0 0.925312 0.342361 0.015312 0.025833
0 0.656198 0.407315 0.008333 0.015926
0 0.300443 0.104398 0.010781 0.020463
0 0.189193 0.214120 0.010781 0.018426
0 0.292526 0.721019 0.011198 0.017222
0 0.896536 0.117361 0.013490 0.023241
0 0.342187 0.651806 0.010729 0.022315
0 0.872839 0.384167 0.013802 0.023889
0 0.810911 0.129306 0.015990 0.030833
0 0.153880 0.701528 0.015885 0.022870
0 0.723698 0.123611 0.014167 0.026481
0 0.234714 0.464676 0.012240 0.020278
0 0.290417 0.637917 0.015208 0.027315
0 0.112109 0.684491 0.016510 0.028611
0 0.246510 0.777778 0.015625 0.026667
0 0.963672 0.593611 0.008490 0.014630
0 0.973307 0.523009 0.013385 0.021759
0 0.314089 0.577269 0.015677 0.026204
0 0.231875 0.760370 0.017396 0.027222
0 0.821198 0.168750 0.015313 0.027315
0 0.668229 0.388611 0.012812 0.023519
0 0.193516 0.205000 0.010990 0.015000
0 0.218281 0.318194 0.013125 0.023056
0 0.233385 0.448519 0.009375 0.014815
0 0.228906 0.528333 0.012500 0.020185
0 0.316458 0.786157 0.012917 0.023611
0 0.378880 0.638981 0.010365 0.012593
0 0.380651 0.464769 0.011198 0.016204
0 0.700729 0.455833 0.010417 0.021111
0 0.657109 0.362963 0.009323 0.017778
0 0.388229 0.459306 0.010312 0.018426
0 0.642786 0.396713 0.008802 0.017685
0 0.363203 0.238611 0.010677 0.017963
0 0.176198 0.218935 0.012917 0.022500
0 0.143906 0.501111 0.015208 0.021667
0 0.809297 0.292917 0.011510 0.020278
0 0.026198 0.316898 0.013021 0.020093
0 0.375182 0.541343 0.013906 0.025463
0 0.167891 0.171481 0.016615 0.024815
0 0.812604 0.674352 0.010625 0.017963
0 0.963516 0.508657 0.013802 0.021759
0 0.092005 0.185880 0.015781 0.026389
0 0.711016 0.451343 0.013594 0.023241
0 0.209714 0.493287 0.015781 0.024722
0 0.367188 0.591389 0.014375 0.026296
0 0.232396 0.306019 0.014479 0.026296
0 0.910911 0.156481 0.014115 0.024815
0 0.409818 0.305185 0.010990 0.017963
0 0.904583 0.181852 0.016875 0.025741
0 0.901510 0.648333 0.012083 0.019815
