0 0.176484 0.586481 0.013490 0.020926
0 0.585026 0.702176 0.009115 0.017685
0 0.133385 0.572454 0.010729 0.018981
0 0.100234 0.705185 0.008802 0.015741
0 0.508880 0.575648 0.011302 0.018333
0 0.019896 0.364491 0.010625 0.018241
0 0.075573 0.344491 0.009687 0.016389
0 0.402005 0.420787 0.010990 0.020463
0 0.097682 0.460648 0.013177 0.020370
0 0.110182 0.306620 0.011406 0.018611
0 0.183594 0.657593 0.007708 0.013333
0 0.033620 0.363194 0.014219 0.021204
0 0.185469 0.581713 0.011875 0.020278
0 0.092396 0.327361 0.012083 0.019907
0 0.050573 0.377917 0.014792 0.023241
0 0.104479 0.690556 0.012396 0.020185
0 0.558724 0.437963 0.013802 0.022407
0 0.116302 0.690880 0.013125 0.021759
0 0.945208 0.704259 0.013021 0.018333
0 0.565703 0.592083 0.011615 0.020463
0 0.368724 0.613241 0.009219 0.016111
0 0.554401 0.551343 0.010677 0.018056
0 0.050885 0.676574 0.012188 0.020926
0 0.557474 0.733843 0.013698 0.023241
0 0.963411 0.719769 0.011094 0.021389
0 0.951927 0.719676 0.013125 0.022685
0 0.487630 0.522037 0.011719 0.019815
0 0.546589 0.700880 0.014010 0.026204
0 0.368594 0.528750 0.009583 0.016389
0 0.148385 0.588009 0.011979 0.020278
0 0.573594 0.531111 0.012396 0.020185
0 0.193099 0.618056 0.007969 0.016111
1 0.866536 0.458750 0.008906 0.013611
1 0.833646 0.490046 0.008125 0.013241
1 0.851172 0.496528 0.007448 0.014722
1 0.858333 0.492917 0.010729 0.017315
1 0.902474 0.562454 0.008802 0.016759
0 0.585599 0.577870 0.008281 0.017593
0 0.094714 0.691944 0.009010 0.016852
0 0.145781 0.623148 0.009583 0.017037
0 0.202552 0.616574 0.009583 0.014630
