0 0.264323 0.679398 0.014792 0.026574
0 0.473021 0.422593 0.014896 0.030556
0 0.532422 0.297917 0.013698 0.026759
0 0.491510 0.030278 0.015312 0.029815
0 0.447370 0.230972 0.015677 0.023056
0 0.363437 0.513843 0.009583 0.019907
0 0.062839 0.512731 0.010365 0.015648
0 0.740573 0.446157 0.012083 0.021574
0 0.900990 0.821250 0.014896 0.024722
0 0.371927 0.236806 0.015208 0.027870
0 0.554688 0.365694 0.012604 0.021944
0 0.746797 0.678750 0.011823 0.022315
0 0.576589 0.726481 0.013385 0.025185
0 0.973307 0.346944 0.018906 0.028704
0 0.442292 0.469213 0.015000 0.028056
0 0.381901 0.046620 0.015677 0.028611
0 0.910026 0.403935 0.016302 0.027315
0 0.580365 0.598148 0.011875 0.020926
0 0.028073 0.647870 0.014583 0.023333
0 0.520703 0.364583 0.013490 0.023426
0 0.884714 0.728935 0.016094 0.023426
0 0.053516 0.488611 0.013281 0.020556
0 0.457891 0.512500 0.015990 0.031296
0 0.583099 0.742546 0.014219 0.024167
0 0.451771 0.380833 0.017188 0.030741
0 0.298516 0.826806 0.011615 0.022315
0 0.070495 0.535324 0.013177 0.021204
0 0.238490 0.607824 0.012396 0.025833
0 0.962240 0.859028 0.015729 0.025463
0 0.505313 0.276389 0.019063 0.032778
0 0.773229 0.707731 0.011250 0.016759
0 0.385807 0.034537 0.012031 0.022037
0 0.466250 0.799491 0.010104 0.020278
0 0.236745 0.459676 0.015885 0.026389
0 0.315104 0.866991 0.012188 0.021204
0 0.894089 0.340093 0.011198 0.019815
0 0.751797 0.702917 0.010990 0.020093
0 0.286016 0.806111 0.008906 0.017778
0 0.330000 0.749583 0.010521 0.022500
0 0.246901 0.606898 0.014219 0.026574
0 0.899688 0.325324 0.015104 0.025463
0 0.775312 0.694630 0.013021 0.019815
0 0.362500 0.234398 0.012083 0.027500
0 0.372422 0.266435 0.013698 0.023981
0 0.582995 0.458889 0.013490 0.026667
0 0.052786 0.644676 0.013177 0.020833
0 0.458021 0.824722 0.012813 0.023333
0 0.791328 0.689954 0.014010 0.026759
0 0.391901 0.305556 0.013906 0.025926
0 0.597396 0.438380 0.014375 0.023981
0 0.337708 0.753750 0.012917 0.023241
0 0.483906 0.231435 0.017188 0.032500
0 0.461484 0.732500 0.011094 0.022037
0 0.936797 0.461019 0.014740 0.024074
0 0.817187 0.551574 0.012188 0.018519
0 0.754401 0.686898 0.008073 0.020278
0 0.775000 0.675741 0.010313 0.018519
0 0.458802 0.609398 0.013646 0.022870
0 0.595078 0.714630 0.014219 0.031481
0 0.554948 0.591852 0.009583 0.015185
0 0.512917 0.428333 0.012292 0.020000
0 0.368698 0.764676 0.015625 0.029722
0 0.762266 0.689352 0.013490 0.023148
0 0.473203 0.157685 0.014219 0.029259
0 0.443776 0.358194 0.013802 0.027685
0 0.377578 0.761019 0.013281 0.025741
0 0.443385 0.858843 0.012083 0.021574
0 0.230078 0.534028 0.011302 0.023426
0 0.417786 0.266389 0.018490 0.032407
0 0.474583 0.698981 0.015312 0.032963
0 0.936927 0.597639 0.017604 0.024907
0 0.843203 0.683889 0.014219 0.024074
0 0.467266 0.633611 0.015781 0.028519
0 0.950417 0.384259 0.017604 0.026481
0 0.298177 0.702731 0.012500 0.021944
0 0.777083 0.492222 0.012917 0.020741
0 0.921172 0.585787 0.018177 0.025463
0 0.899688 0.573519 0.019375 0.028889
0 0.754818 0.664120 0.014010 0.021759
0 0.485781 0.689444 0.012187 0.024815
0 0.498203 0.524213 0.018594 0.034907
0 0.052188 0.540324 0.012708 0.019907
0 0.626406 0.630880 0.014688 0.025278
0 0.286016 0.365833 0.016823 0.028704
0 0.259609 0.581296 0.015677 0.025185
0 0.523698 0.710231 0.012500 0.023241
0 0.531276 0.727269 0.013385 0.021389
0 0.947500 0.661481 0.020417 0.033704
0 0.765026 0.720741 0.013802 0.023333
0 0.495000 0.609213 0.020521 0.034167
0 0.479193 0.651157 0.016302 0.030833
0 0.353984 0.761944 0.015990 0.029444
0 0.511224 0.452593 0.016615 0.031296
0 0.504687 0.751667 0.014688 0.025556
0 0.347865 0.698287 0.016875 0.031574
0 0.440677 0.629259 0.016979 0.035185
0 0.253490 0.670093 0.014687 0.024815
0 0.791979 0.451898 0.015104 0.024537
0 0.434687 0.719120 0.012187 0.021389
0 0.460208 0.157824 0.014688 0.030463
0 0.248516 0.589398 0.014323 0.027685
0 0.306432 0.835694 0.011719 0.021759
0 0.418125 0.196620 0.017604 0.031389
0 0.036823 0.668796 0.015417 0.023333
0 0.892812 0.359722 0.014479 0.024074
