0 0.921901 0.655139 0.014010 0.024537
0 0.098594 0.371111 0.013021 0.024074
0 0.071589 0.221898 0.014010 0.023056
0 0.019193 0.218194 0.013177 0.020833
0 0.883880 0.659213 0.013281 0.022685
0 0.887396 0.683565 0.012812 0.020278
0 0.995104 0.585787 0.010104 0.022315
0 0.946563 0.332731 0.016875 0.026574
0 0.945911 0.518611 0.016198 0.024815
0 0.088385 0.575324 0.014375 0.022870
0 0.993672 0.523056 0.011094 0.018519
0 0.115312 0.405185 0.012396 0.022963
0 0.896068 0.650509 0.013385 0.023426
0 0.938490 0.630278 0.012187 0.022037
0 0.851901 0.580324 0.011094 0.020093
0 0.029922 0.230093 0.014115 0.021296
0 0.990781 0.707407 0.017083 0.025370
0 0.099010 0.565926 0.012604 0.021111
0 0.996979 0.530509 0.007187 0.021019
0 0.995417 0.719120 0.010312 0.022130
0 0.111016 0.377037 0.011823 0.021667
0 0.006979 0.632222 0.012292 0.020926
0 0.871432 0.652454 0.014115 0.023981
0 0.054766 0.625370 0.010677 0.018333
0 0.910208 0.441343 0.011771 0.018796
0 0.148229 0.450972 0.012708 0.020833
0 0.080885 0.557454 0.015417 0.024722
0 0.030729 0.202222 0.015208 0.023704
0 0.908984 0.649491 0.014115 0.023241
