0 0.972031 0.696944 0.009063 0.014815
0 0.280599 0.588843 0.013698 0.023426
0 0.256094 0.920741 0.012813 0.025370
0 0.402083 0.892315 0.012500 0.020741
0 0.181979 0.494352 0.014896 0.024630
0 0.040078 0.578009 0.015677 0.024167
0 0.184896 0.763981 0.008438 0.015370
0 0.617005 0.588889 0.012865 0.022407
0 0.060573 0.663287 0.010729 0.019722
0 0.640208 0.441852 0.010000 0.017778
0 0.685964 0.482361 0.011198 0.018981
0 0.184375 0.741065 0.010104 0.017685
0 0.236536 0.834537 0.012448 0.020741
0 0.168854 0.514074 0.012396 0.020000
1 0.064714 0.718843 0.009531 0.017315
0 0.032214 0.413981 0.012865 0.019815
0 0.380417 0.897870 0.012396 0.023889
0 0.063776 0.469537 0.018802 0.029815
0 0.084167 0.701250 0.016875 0.024722
0 0.631693 0.780093 0.010781 0.019815
0 0.622891 0.807731 0.008281 0.015833
0 0.389193 0.889491 0.011198 0.021389
0 0.778333 0.623704 0.015312 0.026852
0 0.221719 0.055741 0.013542 0.024630
0 0.522786 0.616991 0.009948 0.017870
0 0.903516 0.960463 0.012760 0.020370
0 0.904740 0.590556 0.016354 0.027222
0 0.385521 0.702870 0.015625 0.028704
0 0.390625 0.729583 0.015000 0.029722
0 0.459583 0.729722 0.014688 0.027593
0 0.464141 0.769907 0.012865 0.023519
0 0.004687 0.543426 0.010000 0.022778
0 0.586615 0.664213 0.011979 0.026389
0 0.003385 0.477500 0.007604 0.025185
0 0.730078 0.550370 0.013281 0.023333
0 0.105417 0.640602 0.015521 0.023426
0 0.474896 0.822778 0.012083 0.021481
0 0.247995 0.064398 0.011198 0.022500
0 0.542500 0.815463 0.012083 0.023333
0 0.240286 0.159352 0.014844 0.024815
0 0.516901 0.823750 0.012552 0.019907
0 0.213802 0.107407 0.013437 0.021852
0 0.058177 0.555046 0.015937 0.023241
0 0.462969 0.336204 0.013125 0.023704
0 0.200156 0.281528 0.016771 0.028426
0 0.014245 0.556991 0.014844 0.022130
0 0.529948 0.825370 0.013021 0.023333
0 0.192786 0.751620 0.013073 0.021759
0 0.223333 0.157593 0.011354 0.019815
0 0.811979 0.595185 0.014792 0.024630
0 0.462161 0.406204 0.012031 0.020185
0 0.009010 0.376389 0.011146 0.017407
0 0.468984 0.750509 0.014115 0.024722
0 0.021615 0.633287 0.012812 0.022130
0 0.239948 0.061620 0.011354 0.021759
0 0.462083 0.802176 0.009688 0.019537
0 0.071094 0.689769 0.014167 0.024907
0 0.538281 0.556713 0.012812 0.021389
0 0.155911 0.494028 0.014219 0.024907
0 0.962448 0.570787 0.011563 0.020278
0 0.996016 0.617639 0.007969 0.017870
0 0.981667 0.689352 0.009792 0.016667
0 0.980885 0.703148 0.009479 0.016481
0 0.009870 0.362083 0.010052 0.014167
0 0.638281 0.475463 0.008229 0.014259
0 0.656979 0.497778 0.008958 0.016111
0 0.810260 0.609537 0.012604 0.020000
0 0.179948 0.750972 0.008125 0.013796
0 0.744818 0.627176 0.011094 0.019167
0 0.719323 0.874352 0.009479 0.016667
0 0.729896 0.860880 0.009896 0.018241
0 0.617292 0.704444 0.008438 0.015741
0 0.621068 0.733565 0.009115 0.016389
0 0.566667 0.600185 0.009063 0.015185
0 0.466693 0.652454 0.010885 0.018426
0 0.214948 0.839352 0.011875 0.021296
0 0.491745 0.810000 0.012135 0.021111
