0 0.256771 0.396157 0.014375 0.022870
0 0.411693 0.403333 0.010677 0.019815
0 0.594687 0.530509 0.012812 0.021944
0 0.429609 0.277685 0.013281 0.023519
0 0.529089 0.559954 0.018385 0.033426
0 0.088490 0.886296 0.020625 0.034444
0 0.136276 0.769028 0.021302 0.033426
0 0.969870 0.451343 0.007552 0.013981
0 0.478125 0.655787 0.009375 0.018611
0 0.553464 0.792222 0.012656 0.021667
0 0.119089 0.772269 0.018281 0.030463
0 0.170495 0.883472 0.011927 0.024537
1 0.761198 0.588796 0.009375 0.013704
0 0.760469 0.069491 0.007292 0.014722
0 0.168411 0.956389 0.015260 0.022037
0 0.470339 0.668981 0.011406 0.019630
0 0.253281 0.416898 0.014375 0.022315
0 0.198906 0.712593 0.017188 0.026296
0 0.855208 0.321898 0.012708 0.025463
0 0.911094 0.409954 0.015625 0.024537
0 0.182578 0.861111 0.015781 0.029074
0 0.081094 0.424815 0.015625 0.027963
0 0.565312 0.687778 0.011875 0.020926
0 0.117708 0.739954 0.021979 0.035463
0 0.469089 0.222269 0.015781 0.027130
0 0.886172 0.263981 0.013281 0.021296
0 0.699193 0.515046 0.011406 0.021019
0 0.651589 0.202731 0.015885 0.031019
0 0.185208 0.828333 0.017083 0.030185
0 0.489687 0.529630 0.014583 0.028333
0 0.521354 0.639630 0.009271 0.017778
0 0.586250 0.780093 0.011458 0.022222
0 0.705885 0.103426 0.012812 0.022222
0 0.217578 0.831481 0.015781 0.027407
0 0.461484 0.473472 0.011302 0.023796
0 0.688802 0.522222 0.013125 0.021481
0 0.840182 0.515463 0.011302 0.018889
0 0.663411 0.651759 0.009115 0.018889
0 0.836380 0.424444 0.011510 0.020741
0 0.921589 0.575602 0.008906 0.016759
0 0.474401 0.615463 0.011719 0.022037
0 0.575990 0.550556 0.012917 0.022222
0 0.249609 0.754167 0.016302 0.029444
0 0.519479 0.268981 0.012396 0.022222
0 0.506120 0.213056 0.010990 0.020556
0 0.233229 0.851806 0.017812 0.031574
0 0.924687 0.490787 0.009479 0.016389
0 0.492917 0.613657 0.010417 0.018426
0 0.759115 0.200324 0.010417 0.019722
0 0.980391 0.433889 0.008698 0.017593
0 0.452995 0.463009 0.009219 0.021204
0 0.918099 0.481435 0.008802 0.016389
0 0.783802 0.444444 0.010104 0.020000
0 0.903594 0.573565 0.009688 0.020463
0 0.962266 0.517824 0.010677 0.019167
0 0.443906 0.650787 0.010417 0.021019
0 0.821797 0.424722 0.011719 0.020370
0 0.199714 0.838843 0.016094 0.033241
0 0.436406 0.400278 0.010417 0.020556
0 0.099323 0.367685 0.015625 0.024444
0 0.843411 0.536019 0.010990 0.019444
0 0.912995 0.580046 0.011719 0.018611
0 0.156302 0.864954 0.018125 0.032500
0 0.233490 0.467269 0.015208 0.026019
0 0.582708 0.571806 0.012083 0.021204
0 0.120208 0.675000 0.019896 0.034815
0 0.825990 0.379722 0.012604 0.022037
0 0.817083 0.259676 0.015313 0.028056
0 0.140182 0.363056 0.015885 0.029259
0 0.864323 0.562639 0.010208 0.016759
0 0.872682 0.550972 0.010781 0.018426
0 0.145911 0.967130 0.018177 0.028704
0 0.242500 0.378287 0.015104 0.026574
0 0.540885 0.499398 0.017292 0.034907
0 0.187266 0.464259 0.018281 0.028704
