0 0.881406 0.604722 0.006458 0.011481
0 0.618411 0.274815 0.009010 0.015741
0 0.636589 0.309861 0.009010 0.017500
0 0.618203 0.309630 0.009740 0.016667
0 0.816927 0.648935 0.012188 0.020833
0 0.631458 0.567407 0.006771 0.012037
0 0.668490 0.598426 0.006771 0.010741
0 0.715260 0.553981 0.011250 0.020185
0 0.658437 0.389815 0.009479 0.017407
0 0.641484 0.368704 0.008490 0.014630
0 0.646120 0.383194 0.008594 0.015463
0 0.369453 0.722731 0.010365 0.017870
0 0.089245 0.723935 0.011615 0.018611
0 0.874792 0.546111 0.008646 0.014815
0 0.855469 0.548889 0.007500 0.012222
0 0.917865 0.545278 0.011250 0.016296
0 0.951771 0.501065 0.010000 0.017500
0 0.926484 0.516250 0.009635 0.016019
0 0.897109 0.515463 0.009010 0.014444
0 0.924375 0.458426 0.007812 0.012963
0 0.924427 0.445093 0.009062 0.013889
0 0.896406 0.439398 0.009688 0.015093
0 0.873255 0.253657 0.008490 0.015093
0 0.796771 0.670139 0.010208 0.018426
0 0.811953 0.700046 0.009635 0.017500
0 0.723359 0.713565 0.011823 0.019722
0 0.734427 0.686991 0.008542 0.016574
0 0.680781 0.576991 0.006146 0.010463
0 0.728333 0.344352 0.009271 0.016852
0 0.722760 0.411389 0.008750 0.015741
0 0.273620 0.280833 0.013385 0.021111
0 0.560182 0.573333 0.008906 0.015185
0 0.699844 0.634537 0.009583 0.014259
0 0.226380 0.814537 0.010052 0.017593
0 0.153516 0.381898 0.010365 0.016759
0 0.119688 0.325046 0.011354 0.019537
0 0.358854 0.318380 0.009583 0.017315
0 0.312812 0.427870 0.008438 0.015000
0 0.246094 0.616852 0.008750 0.016111
0 0.538255 0.540694 0.006510 0.011574
0 0.604010 0.635833 0.008750 0.015000
0 0.614167 0.616528 0.006771 0.011759
0 0.676927 0.688241 0.009375 0.015370
0 0.653542 0.693426 0.009479 0.016667
0 0.868620 0.570324 0.006510 0.011389
0 0.997005 0.668796 0.005990 0.012407
0 0.996068 0.605741 0.007865 0.015185
0 0.983359 0.660278 0.009010 0.015741
0 0.966823 0.632454 0.007396 0.013796
0 0.960938 0.636528 0.007396 0.012685
0 0.980156 0.551250 0.008125 0.013981
0 0.898099 0.579954 0.008490 0.015278
0 0.873099 0.585509 0.006094 0.011019
0 0.856250 0.599861 0.005312 0.009537
0 0.008880 0.620463 0.014323 0.026481
0 0.538151 0.576852 0.007656 0.014815
0 0.744323 0.709213 0.012500 0.019907
0 0.634193 0.393981 0.009323 0.018333
0 0.549375 0.632963 0.009063 0.017407
0 0.417786 0.482685 0.009740 0.016667
0 0.887370 0.437037 0.008073 0.012778
0 0.583672 0.435000 0.010469 0.019444
0 0.547682 0.601991 0.009427 0.018426
0 0.550234 0.684630 0.009010 0.017222
0 0.792604 0.613194 0.010937 0.018611
0 0.408594 0.487454 0.009583 0.017500
0 0.755208 0.406991 0.010104 0.018056
0 0.103750 0.731667 0.012917 0.019815
0 0.595208 0.655463 0.010417 0.016852
0 0.023620 0.696296 0.010781 0.016481
0 0.006224 0.721389 0.009635 0.016111
0 0.744219 0.401528 0.009896 0.018426
0 0.353099 0.331667 0.010677 0.017407
0 0.601016 0.432778 0.010885 0.019444
0 0.787005 0.710602 0.012240 0.020278
0 0.325755 0.281806 0.011823 0.017870
0 0.584661 0.615370 0.009115 0.016667
0 0.360182 0.715694 0.010469 0.017870
0 0.786276 0.630833 0.013594 0.022593
0 0.575625 0.552176 0.010729 0.018426
0 0.549349 0.574120 0.007969 0.015463
0 0.716875 0.590972 0.008542 0.015278
0 0.927214 0.290694 0.009323 0.015463
0 0.359375 0.391667 0.009479 0.018333
0 0.876589 0.580602 0.007031 0.012870
0 0.398151 0.639306 0.008698 0.016759
0 0.412292 0.470880 0.011563 0.021944
0 0.389219 0.644676 0.007708 0.013796
0 0.895703 0.425185 0.009531 0.015000
0 0.559167 0.420463 0.007812 0.012963
0 0.829167 0.657500 0.012708 0.021852
0 0.558073 0.676944 0.009063 0.017037
0 0.541406 0.418426 0.010000 0.015000
0 0.187708 0.449306 0.013125 0.022315
0 0.124583 0.814722 0.012708 0.023519
0 0.012318 0.700972 0.011302 0.017685
0 0.545911 0.430278 0.011198 0.019630
0 0.566198 0.561065 0.011875 0.018611
0 0.135104 0.809861 0.013021 0.021759
0 0.021198 0.621065 0.018125 0.026574
0 0.066432 0.561991 0.019323 0.031204
0 0.075703 0.734722 0.016510 0.026481
0 0.063229 0.589722 0.017813 0.027778
0 0.048880 0.748380 0.015990 0.026204
