0 0.141019 0.646172 0.042222 0.023906
0 0.012130 0.563828 0.024259 0.019635
0 0.614398 0.658125 0.031019 0.019271
0 0.541713 0.672865 0.043056 0.024063
0 0.450185 0.730807 0.025370 0.014844
0 0.342963 0.721406 0.032778 0.020000
0 0.420787 0.230339 0.039537 0.023594
0 0.377639 0.567057 0.031574 0.020573
0 0.059398 0.502734 0.043611 0.025052
0 0.290648 0.650885 0.030741 0.018542
0 0.175185 0.641432 0.037593 0.022656
0 0.201852 0.653021 0.040556 0.023750
0 0.709028 0.590521 0.032500 0.020313
0 0.820046 0.626901 0.032685 0.019010
0 0.876389 0.652786 0.025556 0.013490
0 0.402778 0.721615 0.033148 0.020417
0 0.338750 0.787578 0.028426 0.016406
0 0.017361 0.502474 0.034722 0.024010
0 0.032361 0.525911 0.044537 0.028802
0 0.005509 0.524167 0.011019 0.023750
0 0.956667 0.739896 0.041667 0.021875
0 0.974398 0.767865 0.037500 0.020833
0 0.873565 0.645469 0.028796 0.016042
0 0.892639 0.656875 0.033426 0.018854
