0 0.472083 0.261979 0.036759 0.019896
0 0.560926 0.624036 0.026852 0.014740
0 0.207593 0.374349 0.032593 0.014010
0 0.395463 0.631693 0.025185 0.013594
0 0.538889 0.553021 0.021111 0.011771
0 0.116204 0.431380 0.026111 0.015885
0 0.332593 0.622813 0.020741 0.011875
0 0.123565 0.450573 0.033241 0.017083
0 0.710602 0.575885 0.031574 0.019792
0 0.655417 0.602083 0.033056 0.019375
0 0.368333 0.588099 0.032593 0.018177
0 0.539028 0.715417 0.031389 0.015521
0 0.095093 0.439271 0.036667 0.019687
0 0.428056 0.647292 0.025370 0.014479
0 0.512963 0.706589 0.029259 0.016615
0 0.538611 0.656589 0.029259 0.015781
0 0.195000 0.561510 0.031111 0.017188
0 0.385694 0.662891 0.026759 0.016719
0 0.323148 0.569714 0.035926 0.015885
0 0.540694 0.701693 0.029907 0.016302
0 0.020833 0.534583 0.022222 0.011979
0 0.457130 0.728828 0.028519 0.016823
0 0.039722 0.577813 0.025185 0.012500
0 0.979769 0.507578 0.025463 0.013594
0 0.194630 0.516198 0.030185 0.017917
0 0.044676 0.479297 0.023426 0.011510
0 0.556157 0.669193 0.026944 0.013906
0 0.107361 0.473281 0.025463 0.012083
0 0.601759 0.564688 0.025926 0.014896
0 0.741389 0.527370 0.028704 0.015677
0 0.020833 0.594792 0.021296 0.010625
0 0.010787 0.605078 0.021759 0.011094
0 0.408611 0.543203 0.028889 0.015990
0 0.438009 0.717630 0.024537 0.016510
0 0.593889 0.676875 0.028333 0.015938
0 0.899213 0.644792 0.029722 0.015417
0 0.837407 0.459167 0.024444 0.012500
0 0.318704 0.638203 0.021667 0.009844
0 0.940046 0.532500 0.019722 0.011563
0 0.594028 0.620990 0.023796 0.013125
0 0.221852 0.369531 0.032037 0.015208
0 0.506898 0.584089 0.024167 0.013385
0 0.839537 0.468281 0.023519 0.010521
0 0.465370 0.690417 0.021481 0.011458
1 0.487315 0.694141 0.016481 0.009115
0 0.315139 0.629505 0.017130 0.008281
0 0.924537 0.651094 0.028333 0.015417
0 0.750741 0.685911 0.023889 0.010885
0 0.911296 0.657500 0.028519 0.015208
0 0.988843 0.577786 0.022870 0.016302
0 0.881806 0.662135 0.028796 0.015521
0 0.009491 0.616276 0.020463 0.011198
