0 0.735972 0.328880 0.019907 0.011094
0 0.138009 0.586406 0.026944 0.014271
0 0.310324 0.513099 0.019352 0.011510
0 0.006343 0.387682 0.012685 0.008698
0 0.027269 0.436719 0.017315 0.007604
0 0.789491 0.397396 0.020093 0.010417
0 0.352500 0.529687 0.020370 0.011979
0 0.810139 0.417396 0.023241 0.012708
0 0.043657 0.444167 0.021944 0.012083
0 0.388611 0.552891 0.020000 0.010677
0 0.403889 0.511797 0.020926 0.010781
0 0.151157 0.620026 0.024537 0.014115
0 0.913380 0.462318 0.025463 0.013906
0 0.061713 0.615990 0.027500 0.014896
0 0.960463 0.515703 0.023704 0.013281
0 0.217778 0.485807 0.024259 0.013385
0 0.247778 0.539193 0.024630 0.013385
0 0.878750 0.528906 0.024167 0.013125
0 0.895000 0.470729 0.024815 0.012917
0 0.818750 0.470208 0.022130 0.012396
0 0.211620 0.564505 0.024167 0.013698
0 0.921620 0.584323 0.023611 0.012604
0 0.245694 0.562708 0.017500 0.009375
0 0.056111 0.396615 0.024259 0.012812
0 0.919074 0.549401 0.023704 0.013385
0 0.033102 0.453177 0.024722 0.011458
0 0.749769 0.298099 0.019537 0.011198
0 0.808194 0.514036 0.016944 0.008490
0 0.185972 0.589792 0.014722 0.008125
0 0.070370 0.631068 0.026296 0.013281
0 0.839769 0.358984 0.023981 0.013281
0 0.261806 0.522005 0.013611 0.009115
0 0.832407 0.528828 0.017222 0.009115
0 0.739583 0.440885 0.019537 0.010521
0 0.135231 0.612109 0.026019 0.013594
0 0.936528 0.543021 0.023241 0.013125
0 0.935046 0.495729 0.025278 0.015521
1 0.966991 0.644297 0.020278 0.010990
1 0.953380 0.640599 0.019537 0.011094
0 0.758750 0.387083 0.024167 0.012917
0 0.940694 0.601927 0.020463 0.012604
0 0.006898 0.395625 0.013981 0.012708
0 0.273981 0.485911 0.020185 0.010885
0 0.212176 0.549687 0.021019 0.012083
0 0.338380 0.525677 0.020833 0.011875
0 0.230370 0.391797 0.022593 0.013177
0 0.004167 0.456484 0.009815 0.011719
0 0.988889 0.634115 0.021481 0.011979
0 0.763148 0.398307 0.020926 0.010885
0 0.024722 0.457786 0.020926 0.011719
0 0.960324 0.452422 0.021574 0.011719
0 0.324722 0.399089 0.020926 0.011094
0 0.332917 0.512630 0.018981 0.011615
0 0.106991 0.366432 0.023426 0.011823
0 0.748241 0.441979 0.022037 0.011979
0 0.774583 0.477578 0.019167 0.010885
0 0.202917 0.590703 0.015278 0.008385
0 0.364861 0.499818 0.023056 0.011823
0 0.165602 0.520703 0.022130 0.013698
0 0.942315 0.361719 0.025926 0.012812
0 0.327546 0.430521 0.018056 0.009792
0 0.730278 0.376797 0.019074 0.011094
0 0.039167 0.431615 0.022407 0.013125
0 0.284722 0.402995 0.021111 0.010885
0 0.337593 0.495625 0.022963 0.012813
0 0.124722 0.529687 0.025185 0.014479
0 0.773565 0.378490 0.021759 0.012396
0 0.851389 0.492917 0.022407 0.012604
0 0.809676 0.291302 0.028426 0.015104
0 0.273750 0.519089 0.017685 0.011198
