0 0.598843 0.458984 0.031204 0.016510
0 0.459815 0.368958 0.023519 0.013125
0 0.581157 0.468359 0.028981 0.016823
0 0.046898 0.392578 0.025093 0.013177
0 0.531806 0.499792 0.021019 0.012604
0 0.441944 0.424609 0.021667 0.011615
0 0.194722 0.393333 0.023333 0.012917
0 0.807269 0.329583 0.028056 0.012396
0 0.172500 0.435703 0.019074 0.011719
0 0.510463 0.398620 0.023519 0.013802
0 0.743796 0.624505 0.031481 0.015885
0 0.673380 0.641797 0.029722 0.013698
0 0.513426 0.583568 0.023333 0.013177
0 0.500231 0.379375 0.022500 0.011979
0 0.758796 0.652083 0.022778 0.015625
0 0.611250 0.546328 0.026759 0.016719
0 0.529028 0.389688 0.027685 0.015312
0 0.136806 0.421510 0.026204 0.014479
0 0.786620 0.649089 0.028056 0.016510
0 0.813148 0.628906 0.030926 0.018021
0 0.627963 0.660104 0.025556 0.015000
0 0.544722 0.660104 0.025000 0.011875
0 0.089306 0.458464 0.017130 0.009740
0 0.203009 0.528932 0.018426 0.010052
1 0.519537 0.691276 0.020556 0.011823
0 0.822917 0.611901 0.030278 0.016823
0 0.759167 0.472031 0.019074 0.011771
0 0.828426 0.413568 0.029074 0.016302
0 0.917500 0.336120 0.033148 0.019948
0 0.526898 0.575547 0.019722 0.009844
0 0.192824 0.528464 0.019352 0.010781
0 0.173148 0.573411 0.022963 0.011823
0 0.490139 0.418281 0.021944 0.011979
0 0.070463 0.464870 0.020926 0.010156
0 0.067778 0.452552 0.024074 0.012917
0 0.134444 0.529818 0.027222 0.013594
0 0.019120 0.473516 0.031944 0.016198
1 0.553981 0.690990 0.025741 0.012083
0 0.810694 0.436589 0.036944 0.018698
0 0.736435 0.467813 0.026759 0.015625
0 0.699213 0.407474 0.027315 0.015781
0 0.747130 0.476927 0.026111 0.014687
0 0.505880 0.574974 0.021944 0.013594
0 0.749491 0.450807 0.029537 0.016198
0 0.908241 0.756302 0.038519 0.023125
0 0.111481 0.380182 0.034630 0.019010
0 0.534306 0.422917 0.024907 0.012708
0 0.187037 0.444714 0.022963 0.013281
0 0.542269 0.509401 0.025093 0.013490
0 0.501157 0.367214 0.025278 0.014115
