0 0.696589 0.715093 0.011406 0.017778
0 0.630599 0.586111 0.011510 0.019074
0 0.652604 0.622639 0.010313 0.019537
0 0.484818 0.529722 0.014323 0.023704
0 0.279115 0.789306 0.014792 0.027130
0 0.763672 0.486620 0.016094 0.027315
0 0.854609 0.401389 0.016198 0.024444
0 0.718307 0.532407 0.014323 0.025370
0 0.612917 0.642870 0.012083 0.021667
0 0.662370 0.636343 0.010990 0.019167
0 0.320807 0.273843 0.014219 0.022500
0 0.742995 0.790694 0.011406 0.018981
0 0.412266 0.227315 0.007448 0.017037
0 0.189323 0.340556 0.014271 0.022222
0 0.296016 0.804722 0.014531 0.024444
0 0.668802 0.615093 0.012500 0.025370
0 0.617969 0.159815 0.012083 0.016111
1 0.963281 0.790972 0.009896 0.013056
0 0.207187 0.665185 0.017292 0.029074
0 0.115391 0.587130 0.015677 0.030000
0 0.271875 0.326574 0.016875 0.028519
0 0.397604 0.620324 0.012813 0.022315
0 0.677188 0.484074 0.015313 0.026667
0 0.102708 0.582963 0.015417 0.030556
0 0.265208 0.800417 0.012604 0.022870
0 0.642474 0.274352 0.008594 0.017593
0 0.759401 0.398287 0.015885 0.024722
0 0.759974 0.540324 0.013490 0.023056
0 0.671380 0.468056 0.013698 0.022778
0 0.232500 0.757083 0.013021 0.020463
0 0.982396 0.700139 0.015104 0.024167
0 0.603411 0.627454 0.011719 0.020093
0 0.438385 0.749352 0.012604 0.022963
0 0.614896 0.236806 0.010312 0.017685
0 0.269714 0.245787 0.014323 0.023796
0 0.054479 0.511713 0.012083 0.018981
0 0.341094 0.449630 0.015312 0.025370
0 0.619193 0.586296 0.011302 0.018333
0 0.691328 0.475509 0.014323 0.026944
0 0.712969 0.805185 0.009688 0.022037
0 0.687604 0.332824 0.013125 0.020278
0 0.618828 0.281065 0.009323 0.017500
0 0.634922 0.273796 0.008698 0.017037
0 0.751276 0.514167 0.013490 0.026296
0 0.347005 0.815000 0.013802 0.022778
0 0.845469 0.332685 0.014479 0.021296
0 0.350417 0.267315 0.010104 0.017963
0 0.607292 0.231065 0.010104 0.018241
0 0.410026 0.625185 0.011510 0.021296
0 0.351094 0.182361 0.010104 0.016759
0 0.928516 0.504907 0.016510 0.025000
0 0.339297 0.503333 0.011615 0.019815
0 0.069792 0.587083 0.015312 0.024167
0 0.206172 0.788611 0.015781 0.023889
0 0.637813 0.297176 0.009583 0.018981
0 0.626927 0.138519 0.010104 0.017037
0 0.535625 0.409815 0.012708 0.019074
