0 0.174259 0.618698 0.020741 0.012396
0 0.338287 0.596901 0.021389 0.011302
0 0.409722 0.497396 0.017963 0.010521
0 0.425185 0.571432 0.020741 0.011719
0 0.353611 0.581120 0.018889 0.011302
0 0.419630 0.557604 0.019630 0.012083
0 0.659769 0.483490 0.019722 0.013125
0 0.029907 0.517604 0.026667 0.015208
0 0.942130 0.449323 0.024630 0.012813
0 0.013472 0.549271 0.024537 0.014583
0 0.443981 0.455208 0.016667 0.009896
0 0.119815 0.643307 0.024630 0.013698
0 0.322546 0.585703 0.019907 0.011510
0 0.200509 0.357005 0.027130 0.014323
0 0.118704 0.417266 0.023889 0.015677
0 0.147361 0.468021 0.029167 0.015312
0 0.253565 0.478281 0.027500 0.014687
0 0.212546 0.433099 0.026759 0.013906
0 0.053981 0.565391 0.024074 0.013177
0 0.423380 0.477005 0.021574 0.011615
0 0.048704 0.538620 0.022593 0.014010
0 0.064907 0.396016 0.028704 0.015781
0 0.374213 0.434505 0.023796 0.013177
0 0.096667 0.414531 0.026667 0.015521
0 0.376435 0.544297 0.023796 0.013177
0 0.068056 0.605365 0.020926 0.011875
0 0.387824 0.577083 0.021944 0.012812
0 0.155370 0.621615 0.025556 0.014479
0 0.169769 0.344922 0.026574 0.013802
0 0.369398 0.580599 0.021019 0.011823
0 0.403796 0.540286 0.025370 0.013594
1 0.118056 0.665807 0.020370 0.014323
0 0.137963 0.584505 0.027037 0.013802
0 0.253056 0.560182 0.024259 0.013594
0 0.293241 0.618177 0.025000 0.014688
0 0.122083 0.556719 0.027130 0.015625
0 0.269491 0.530807 0.026204 0.013281
0 0.206111 0.507083 0.027593 0.015417
0 0.305648 0.556380 0.024074 0.013594
0 0.289769 0.571198 0.022870 0.013125
0 0.986389 0.473880 0.023333 0.014010
0 0.352917 0.390391 0.024537 0.013490
0 0.136204 0.400286 0.028333 0.016719
0 0.147269 0.557786 0.024722 0.013802
0 0.351620 0.465521 0.023056 0.013125
0 0.252639 0.511615 0.026944 0.014583
0 0.094583 0.472760 0.021204 0.012083
0 0.053426 0.573125 0.017222 0.006667
0 0.018657 0.309922 0.020278 0.010885
0 0.296713 0.404531 0.021204 0.012187
0 0.332963 0.471484 0.021111 0.009740
0 0.011435 0.482552 0.021204 0.012604
0 0.392130 0.556068 0.022778 0.011302
0 0.135231 0.467865 0.022315 0.014479
0 0.998009 0.382187 0.004167 0.012708
0 0.286667 0.632812 0.020741 0.012604
0 0.407639 0.471224 0.019167 0.011615
0 0.137037 0.496823 0.020000 0.012604
0 0.994537 0.629089 0.012222 0.013594
0 0.083981 0.282891 0.021296 0.011615
0 0.405602 0.557708 0.012685 0.012500
0 0.993056 0.399089 0.014259 0.013698
0 0.383704 0.386432 0.020556 0.011615
0 0.332824 0.391797 0.021019 0.013281
0 0.377685 0.479896 0.019815 0.011667
0 0.421296 0.493646 0.019815 0.011667
0 0.368704 0.397500 0.021852 0.011354
0 0.414398 0.619948 0.013796 0.007604
0 0.445509 0.558828 0.016019 0.011094
0 0.473426 0.530234 0.019259 0.012969
