0 0.202917 0.711771 0.019167 0.015417
0 0.646065 0.487422 0.026944 0.013698
0 0.340648 0.701693 0.024815 0.013490
0 0.447222 0.490703 0.024630 0.013698
0 0.479907 0.395911 0.020185 0.010781
0 0.286481 0.714297 0.026481 0.013177
0 0.876806 0.596380 0.026944 0.014010
0 0.496759 0.454818 0.023333 0.013594
0 0.270324 0.698802 0.025833 0.015313
0 0.681343 0.448411 0.024537 0.013906
0 0.519398 0.582891 0.025278 0.013802
0 0.134306 0.653099 0.023796 0.013906
0 0.094815 0.420677 0.022407 0.012083
0 0.708704 0.432995 0.024815 0.014010
0 0.053194 0.645703 0.024537 0.013385
0 0.411157 0.595521 0.023056 0.012500
0 0.685880 0.474948 0.020278 0.011979
0 0.660880 0.445547 0.013241 0.012448
0 0.657222 0.452135 0.011852 0.008125
0 0.018935 0.635625 0.022685 0.015625
0 0.331019 0.583724 0.028889 0.016615
0 0.244074 0.714505 0.027778 0.014010
0 0.750185 0.423906 0.019074 0.012500
0 0.186343 0.711016 0.026204 0.015677
0 0.600046 0.529583 0.029167 0.017396
0 0.618935 0.533594 0.023981 0.016042
0 0.150231 0.692682 0.031389 0.016198
0 0.303565 0.419271 0.026204 0.011146
0 0.230046 0.711667 0.017130 0.010104
0 0.114861 0.658620 0.028981 0.016615
0 0.194352 0.448724 0.026481 0.014115
0 0.172917 0.428776 0.028056 0.015781
0 0.931898 0.600495 0.028611 0.015990
0 0.919954 0.590573 0.031389 0.017396
0 0.317778 0.396979 0.032778 0.017500
0 0.309074 0.640573 0.027037 0.014896
0 0.132361 0.630104 0.027870 0.015625
0 0.376065 0.487500 0.026759 0.014688
0 0.426343 0.486224 0.030833 0.016719
0 0.551667 0.487500 0.029259 0.017083
0 0.260648 0.476875 0.025741 0.015000
0 0.622315 0.544583 0.027037 0.015104
0 0.647222 0.477292 0.027593 0.015625
0 0.457269 0.479818 0.028796 0.016719
0 0.790972 0.606901 0.028056 0.015885
0 0.254491 0.623099 0.027685 0.016615
0 0.357407 0.418698 0.028519 0.016875
0 0.534954 0.473099 0.028981 0.015677
0 0.625880 0.389167 0.025093 0.014479
0 0.297500 0.693385 0.026481 0.014583
0 0.291250 0.481172 0.028056 0.015990
0 0.604676 0.399089 0.026759 0.016094
0 0.815833 0.616016 0.029259 0.015885
0 0.132824 0.431901 0.026574 0.013594
0 0.602361 0.475469 0.028796 0.016875
0 0.438750 0.471823 0.025833 0.014896
0 0.092269 0.659896 0.022130 0.015313
0 0.149583 0.644297 0.031019 0.016615
0 0.400972 0.606224 0.022500 0.011823
