0 0.333464 0.897593 0.012031 0.024444
0 0.803802 0.565880 0.009375 0.016204
0 0.907943 0.340231 0.011510 0.017315
0 0.966328 0.167222 0.010365 0.016667
0 0.922500 0.532037 0.006354 0.011111
0 0.927266 0.535417 0.006615 0.011574
0 0.978620 0.621667 0.010677 0.018148
0 0.310990 0.566481 0.015104 0.025926
0 0.357552 0.605926 0.008750 0.016111
0 0.112292 0.502315 0.010521 0.019074
0 0.303932 0.834120 0.013385 0.025093
0 0.356563 0.861296 0.012604 0.023704
0 0.464219 0.692870 0.007812 0.015370
0 0.259531 0.410231 0.008542 0.015093
0 0.959219 0.350880 0.011771 0.018796
0 0.267526 0.402546 0.009427 0.015093
0 0.704896 0.737176 0.012500 0.023241
0 0.669818 0.658519 0.010260 0.019815
0 0.187813 0.649120 0.010313 0.017500
0 0.430130 0.798704 0.010365 0.020000
0 0.564167 0.637269 0.007292 0.013796
0 0.322083 0.766296 0.011250 0.019074
0 0.571146 0.540231 0.008958 0.017315
0 0.362891 0.160509 0.011302 0.019907
0 0.442083 0.411019 0.012083 0.021111
0 0.670182 0.689213 0.008698 0.014167
0 0.468307 0.653935 0.010469 0.019537
0 0.047031 0.427731 0.012708 0.020648
0 0.576146 0.679722 0.007812 0.013704
0 0.346328 0.890139 0.011615 0.022870
0 0.289245 0.814537 0.013073 0.022222
0 0.305937 0.105556 0.012083 0.022593
0 0.458854 0.702731 0.008021 0.015278
0 0.373437 0.825139 0.011042 0.020278
0 0.742500 0.825324 0.012396 0.021759
0 0.478281 0.467361 0.010729 0.018426
0 0.159766 0.712963 0.010156 0.017593
0 0.292917 0.213796 0.008958 0.016667
0 0.352943 0.894583 0.010677 0.019907
0 0.549818 0.519907 0.009635 0.018148
0 0.381563 0.877222 0.009375 0.017037
0 0.880339 0.791759 0.012656 0.021481
0 0.429141 0.826435 0.009531 0.017500
0 0.494844 0.454537 0.009479 0.017037
0 0.461953 0.665926 0.010365 0.020000
0 0.178411 0.656204 0.010260 0.016852
0 0.318984 0.786898 0.012344 0.023611
0 0.041641 0.410000 0.012344 0.018704
0 0.356536 0.823380 0.014740 0.026204
0 0.262734 0.798287 0.013594 0.028426
0 0.442396 0.773843 0.013646 0.023426
0 0.263984 0.291898 0.011406 0.021574
0 0.271927 0.412130 0.009062 0.016296
0 0.378542 0.831019 0.012292 0.020741
0 0.391927 0.800000 0.013125 0.023704
0 0.410990 0.774815 0.012396 0.023148
0 0.416823 0.760648 0.010937 0.020185
0 0.491875 0.605463 0.007917 0.015741
0 0.494635 0.597130 0.008021 0.015000
0 0.129193 0.741157 0.013802 0.021204
0 0.273490 0.805602 0.012187 0.023611
0 0.708698 0.343843 0.009479 0.017130
0 0.450911 0.667222 0.009948 0.019444
0 0.224089 0.767037 0.012240 0.022407
0 0.277240 0.885972 0.010625 0.019722
0 0.926745 0.433056 0.009740 0.016111
0 0.242214 0.822083 0.011406 0.022315
0 0.280104 0.231528 0.009479 0.016204
0 0.297812 0.208565 0.008646 0.016019
0 0.361432 0.174769 0.010260 0.018241
0 0.606771 0.732500 0.010208 0.018333
0 0.605729 0.744167 0.009583 0.015741
0 0.628594 0.715370 0.009583 0.015556
0 0.633021 0.703796 0.008854 0.016481
0 0.634193 0.754167 0.008177 0.014815
0 0.610052 0.660694 0.009479 0.016204
0 0.597552 0.697917 0.008750 0.016389
0 0.576406 0.688565 0.006875 0.011574
0 0.561406 0.627593 0.006354 0.012037
0 0.576771 0.619120 0.007604 0.014722
0 0.588802 0.475787 0.008229 0.014722
0 0.664427 0.638056 0.010937 0.018889
0 0.695417 0.737500 0.007604 0.014630
0 0.695026 0.756389 0.011094 0.019444
0 0.601927 0.444352 0.010104 0.017778
0 0.770964 0.750787 0.012240 0.021574
0 0.778672 0.725509 0.009635 0.016389
0 0.687214 0.711065 0.010990 0.020278
0 0.716094 0.661528 0.009375 0.017500
0 0.720286 0.672222 0.010469 0.017963
0 0.728672 0.663519 0.008490 0.014444
0 0.736953 0.638981 0.009115 0.016852
0 0.729766 0.680000 0.010365 0.017778
0 0.705964 0.472361 0.008698 0.016389
0 0.656016 0.366389 0.010365 0.017593
0 0.636667 0.366204 0.006875 0.012222
0 0.831172 0.498009 0.009010 0.016019
0 0.822969 0.504954 0.008646 0.015278
0 0.071771 0.238519 0.012083 0.017222
0 0.413255 0.418981 0.012656 0.019630
0 0.439115 0.677824 0.011354 0.021019
0 0.487344 0.607222 0.008125 0.015556
0 0.433958 0.402037 0.012813 0.022963
0 0.937266 0.443426 0.008906 0.015000
0 0.433385 0.627731 0.010625 0.019907
0 0.347109 0.855833 0.011302 0.020185
0 0.918203 0.365556 0.011823 0.020000
0 0.595599 0.754583 0.008594 0.016389
0 0.058698 0.420093 0.012500 0.020556
0 0.088073 0.520787 0.011979 0.021389
0 0.609479 0.725648 0.010729 0.019259
0 0.153724 0.706157 0.011406 0.018611
0 0.516198 0.596713 0.009167 0.017685
0 0.453281 0.605370 0.010833 0.019444
0 0.420781 0.802500 0.011042 0.018704
0 0.453307 0.445046 0.011094 0.019167
0 0.617656 0.741944 0.010937 0.019074
0 0.506693 0.601667 0.008906 0.017222
0 0.481068 0.674907 0.007760 0.014259
0 0.807109 0.799074 0.010260 0.019259
0 0.326094 0.879352 0.011146 0.021296
0 0.451068 0.690787 0.009219 0.015278
0 0.178151 0.594028 0.012031 0.022685
0 0.313385 0.825741 0.012292 0.022407
0 0.288776 0.880000 0.012031 0.022037
0 0.240573 0.766898 0.008854 0.016204
0 0.220703 0.774954 0.011510 0.021759
0 0.291016 0.792315 0.013281 0.022593
0 0.065078 0.188287 0.013281 0.017500
0 0.114792 0.552130 0.012604 0.020185
0 0.113880 0.719954 0.015990 0.026574
0 0.253307 0.513657 0.015885 0.027500
0 0.111693 0.480278 0.018177 0.028889
0 0.297057 0.841065 0.011719 0.021574
0 0.365625 0.834676 0.013125 0.023796
