0 0.388750 0.445463 0.007500 0.013704
0 0.484531 0.253380 0.010417 0.021574
0 0.159375 0.609954 0.010000 0.018981
0 0.088099 0.533750 0.013802 0.023241
0 0.159479 0.637870 0.009375 0.017407
0 0.585026 0.246852 0.011823 0.019630
0 0.166901 0.598194 0.011094 0.019537
0 0.207318 0.384537 0.009219 0.013704
0 0.477135 0.112454 0.013021 0.021574
0 0.026823 0.756713 0.012604 0.020278
0 0.658620 0.645880 0.006510 0.012130
0 0.412474 0.232546 0.013594 0.024722
0 0.096198 0.382407 0.009792 0.015556
0 0.135417 0.481111 0.009792 0.015370
0 0.036823 0.703009 0.015000 0.022130
0 0.602969 0.445648 0.012188 0.021481
0 0.309479 0.425139 0.012500 0.021759
0 0.083620 0.643194 0.013698 0.023611
0 0.600990 0.680139 0.009479 0.020833
0 0.393958 0.193009 0.009583 0.018056
0 0.854063 0.535046 0.009271 0.015833
0 0.413411 0.491944 0.009427 0.017963
0 0.534297 0.290139 0.013594 0.023981
0 0.033594 0.572037 0.014792 0.022407
0 0.632995 0.561019 0.009323 0.017778
0 0.481354 0.704537 0.009479 0.017037
0 0.060573 0.457361 0.009896 0.019352
0 0.049948 0.489352 0.010625 0.018333
0 0.422786 0.445231 0.009740 0.018241
0 0.403073 0.426991 0.007708 0.012500
0 0.351484 0.401204 0.012344 0.022222
0 0.342500 0.177176 0.010000 0.015648
0 0.477370 0.094722 0.008906 0.015000
0 0.311276 0.460093 0.011302 0.021111
0 0.479167 0.396157 0.011979 0.025833
0 0.035703 0.478009 0.016302 0.022315
0 0.124297 0.368287 0.013490 0.023981
0 0.144193 0.477222 0.010990 0.017593
0 0.200729 0.341065 0.012812 0.019907
0 0.190312 0.454028 0.009792 0.015833
0 0.660807 0.574352 0.010781 0.021667
0 0.584583 0.690972 0.010208 0.018426
0 0.494375 0.186204 0.012500 0.023889
0 0.189010 0.428611 0.010313 0.018704
0 0.379219 0.400972 0.009688 0.017315
0 0.339453 0.185602 0.011302 0.021389
0 0.379792 0.435648 0.008125 0.014630
0 0.098698 0.546250 0.014375 0.023241
0 0.832292 0.510787 0.010417 0.017130
0 0.091901 0.276157 0.011406 0.018241
0 0.379427 0.363380 0.015417 0.026944
0 0.839219 0.600324 0.010208 0.016389
0 0.094714 0.591157 0.013906 0.023241
0 0.591120 0.679630 0.010990 0.020741
0 0.044818 0.421435 0.013490 0.022500
0 0.177396 0.588704 0.010104 0.017778
0 0.647917 0.308935 0.010208 0.019907
0 0.523490 0.423889 0.012083 0.023333
0 0.019870 0.522269 0.015885 0.024907
0 0.346875 0.485231 0.012396 0.021944
0 0.032396 0.429398 0.015417 0.024722
0 0.970000 0.396343 0.015104 0.023056
0 0.524375 0.253519 0.014375 0.032037
0 0.645677 0.576481 0.009687 0.019815
0 0.565391 0.665556 0.011198 0.020185
0 0.132318 0.662315 0.009427 0.018148
0 0.143672 0.659861 0.010052 0.016759
0 0.147500 0.642407 0.009896 0.017037
0 0.166406 0.526204 0.012604 0.017778
0 0.172422 0.534954 0.010573 0.018981
0 0.059063 0.481667 0.010417 0.016481
