0 0.946510 0.549259 0.014792 0.024630
0 0.318620 0.775787 0.014219 0.022870
0 0.845807 0.624722 0.013594 0.021481
0 0.930417 0.617500 0.012813 0.022037
0 0.334505 0.357778 0.014010 0.025370
0 0.927578 0.284722 0.015781 0.024444
0 0.694219 0.521250 0.010625 0.018981
0 0.722682 0.330417 0.013906 0.023796
0 0.569818 0.546713 0.009010 0.017870
0 0.837604 0.372361 0.014583 0.022870
0 0.686094 0.683796 0.015417 0.027037
0 0.868490 0.547500 0.014792 0.024074
0 0.772813 0.695787 0.012083 0.021019
0 0.200573 0.582546 0.014896 0.025278
0 0.655026 0.563241 0.014010 0.024815
0 0.069115 0.838796 0.013125 0.022778
0 0.917474 0.613704 0.013490 0.020556
0 0.163880 0.597176 0.013698 0.024537
0 0.961797 0.546343 0.015677 0.023056
0 0.395990 0.709491 0.013125 0.024537
0 0.258698 0.651343 0.015312 0.027130
0 0.763698 0.335463 0.014479 0.023704
0 0.356068 0.821944 0.013281 0.025000
0 0.777786 0.347361 0.015885 0.024907
0 0.455365 0.513657 0.009479 0.017130
0 0.196615 0.903889 0.015521 0.027407
0 0.304688 0.773843 0.014688 0.024722
0 0.106276 0.818704 0.015677 0.025926
0 0.769323 0.657546 0.017396 0.026944
0 0.849323 0.744120 0.017604 0.027685
1 0.885599 0.915648 0.015990 0.030926
1 0.232813 0.907083 0.012187 0.020833
1 0.901589 0.841389 0.016406 0.025926
0 0.698099 0.710000 0.014010 0.022778
0 0.908359 0.242176 0.012552 0.020463
0 0.900937 0.253704 0.012292 0.020926
0 0.072917 0.797546 0.012604 0.018426
0 0.207708 0.282361 0.015521 0.022685
0 0.894297 0.693241 0.014010 0.026296
0 0.883021 0.317407 0.014792 0.021481
0 0.584297 0.558935 0.011615 0.019722
0 0.731719 0.267731 0.012813 0.024537
0 0.703516 0.550694 0.011823 0.021204
0 0.590417 0.458102 0.012813 0.021019
0 0.126484 0.805972 0.014219 0.020093
0 0.279115 0.558889 0.012500 0.021111
0 0.904870 0.748611 0.013385 0.022222
0 0.028203 0.455278 0.016094 0.025185
0 0.275391 0.517778 0.013385 0.021667
0 0.003698 0.482130 0.007708 0.025926
0 0.684688 0.657593 0.012500 0.021111
0 0.274687 0.653750 0.011875 0.020463
0 0.158073 0.516296 0.012604 0.018519
0 0.263021 0.666065 0.013125 0.017315
0 0.288203 0.204630 0.011719 0.016296
0 0.375182 0.330139 0.016094 0.026389
0 0.240990 0.649444 0.015312 0.024630
0 0.809193 0.694306 0.013177 0.021019
0 0.865990 0.691111 0.014688 0.025926
