0 0.756380 0.697454 0.011406 0.018241
0 0.389219 0.647315 0.013125 0.025000
0 0.361094 0.465417 0.015104 0.026944
0 0.728464 0.449583 0.010677 0.016389
0 0.286120 0.548657 0.016302 0.027870
0 0.882188 0.380556 0.012188 0.022407
0 0.406615 0.624583 0.014792 0.023981
0 0.894323 0.421111 0.012500 0.020741
0 0.740208 0.563889 0.012188 0.022593
0 0.423802 0.532176 0.014479 0.026204
0 0.380781 0.215509 0.012083 0.024167
0 0.831510 0.615741 0.015625 0.023333
0 0.323411 0.761620 0.014010 0.023981
0 0.764766 0.575741 0.013177 0.022222
0 0.377083 0.644120 0.012917 0.022500
0 0.429479 0.608981 0.011875 0.022407
0 0.266432 0.462454 0.019115 0.031019
0 0.268099 0.564120 0.018594 0.028796
0 0.692422 0.610972 0.011510 0.021204
0 0.463620 0.463657 0.013490 0.026759
0 0.293698 0.234028 0.015417 0.027870
0 0.260729 0.021620 0.012708 0.023056
0 0.917318 0.583843 0.013906 0.021944
0 0.781589 0.199213 0.013281 0.021759
0 0.681719 0.278194 0.014792 0.024537
0 0.235781 0.525509 0.017708 0.031574
0 0.659896 0.649213 0.010521 0.018796
0 0.750807 0.567083 0.010260 0.018796
0 0.616667 0.374213 0.009271 0.014722
0 0.416849 0.629630 0.009115 0.019074
0 0.439688 0.440278 0.008646 0.017593
0 0.393385 0.169861 0.012187 0.020463
0 0.836120 0.461528 0.012865 0.017685
0 0.398594 0.634352 0.012813 0.024259
0 0.304479 0.730046 0.017500 0.024907
0 0.252370 0.474306 0.015885 0.029352
0 0.271875 0.742731 0.015417 0.022685
0 0.906771 0.264630 0.011771 0.021111
0 0.707474 0.619306 0.010781 0.020463
0 0.451641 0.457269 0.011198 0.020833
0 0.544167 0.427500 0.008438 0.014630
0 0.424740 0.626806 0.010208 0.021759
0 0.535260 0.424861 0.007708 0.013981
0 0.814844 0.654583 0.011875 0.018056
0 0.729531 0.666667 0.012604 0.021481
0 0.849115 0.621852 0.013125 0.020926
0 0.720104 0.576435 0.014792 0.023981
0 0.730625 0.319352 0.015000 0.025370
0 0.832214 0.261481 0.011615 0.019074
0 0.851406 0.408981 0.015000 0.028519
0 0.225885 0.556111 0.019688 0.034074
0 0.373594 0.468194 0.014479 0.028241
0 0.669089 0.645602 0.008802 0.017315
0 0.530182 0.416389 0.008490 0.015741
0 0.546719 0.442407 0.007187 0.013889
0 0.533490 0.451065 0.007500 0.013981
0 0.391484 0.201296 0.014219 0.025000
0 0.538594 0.440694 0.007500 0.015278
0 0.823516 0.667222 0.011615 0.020556
0 0.820911 0.638426 0.013698 0.020741
0 0.289036 0.181713 0.014323 0.027685
0 0.741406 0.583750 0.012708 0.020278
0 0.895677 0.677685 0.012083 0.020556
0 0.266927 0.143102 0.015417 0.027500
0 0.816198 0.295972 0.013125 0.022130
0 0.741328 0.387731 0.011510 0.020278
0 0.313073 0.010833 0.012292 0.022407
0 0.775521 0.145833 0.013021 0.020185
0 0.417318 0.608889 0.013594 0.023519
0 0.874896 0.372685 0.015208 0.024444
0 0.432917 0.391250 0.012917 0.023241
0 0.279323 0.154722 0.014896 0.030185
0 0.923021 0.515926 0.012292 0.022593
0 0.271484 0.222685 0.016719 0.031296
0 0.824792 0.551806 0.015000 0.022500
0 0.401771 0.657917 0.011979 0.021759
0 0.861875 0.450463 0.014688 0.022963
0 0.261224 0.441481 0.016198 0.027037
0 0.427187 0.505694 0.010625 0.017315
0 0.168594 0.609306 0.012604 0.020463
0 0.529010 0.442315 0.007083 0.014259
0 0.828411 0.305278 0.013698 0.021667
0 0.298594 0.642685 0.011875 0.020926
