0 0.742917 0.310286 0.046759 0.026615
0 0.647917 0.561068 0.047500 0.026094
0 0.639213 0.452109 0.038611 0.021510
0 0.721667 0.407500 0.044074 0.023854
0 0.579676 0.406797 0.033796 0.019323
0 0.550278 0.242552 0.056111 0.031354
0 0.633981 0.217005 0.056111 0.033281
0 0.760972 0.324531 0.048056 0.024063
0 0.789583 0.331250 0.038981 0.021250
0 0.868380 0.475260 0.035463 0.021250
0 0.910231 0.502292 0.034537 0.021042
0 0.818056 0.505911 0.039444 0.023177
0 0.693889 0.534036 0.050370 0.028594
0 0.822778 0.567422 0.039815 0.020260
0 0.717963 0.624063 0.039815 0.022083
0 0.749444 0.619167 0.034630 0.020104
0 0.740741 0.656536 0.031481 0.018281
0 0.272130 0.484844 0.042222 0.023958
0 0.305880 0.470156 0.046759 0.022604
0 0.242083 0.322031 0.027870 0.015312
0 0.230000 0.166016 0.035741 0.021719
0 0.197361 0.176068 0.036944 0.021719
0 0.116296 0.173490 0.037778 0.022187
0 0.328657 0.644792 0.033426 0.020521
0 0.357361 0.647786 0.039537 0.021927
0 0.323796 0.673229 0.036481 0.020833
0 0.271065 0.088464 0.033241 0.019844
0 0.846481 0.631198 0.036852 0.022708
0 0.797685 0.693984 0.030926 0.017656
0 0.180324 0.161250 0.040278 0.023854
0 0.384630 0.676667 0.040926 0.022396
0 0.527176 0.684974 0.035648 0.019740
0 0.678009 0.704661 0.026204 0.016094
0 0.704444 0.700443 0.031852 0.018490
0 0.642778 0.584792 0.044074 0.022708
2 0.381157 0.650026 0.051389 0.030781
2 0.495556 0.400052 0.063333 0.038750
0 0.866157 0.682760 0.031389 0.016562
0 0.869907 0.695547 0.040926 0.022448
0 0.092870 0.572526 0.041111 0.022031
0 0.159815 0.551094 0.035741 0.014167
0 0.132037 0.557552 0.031296 0.019062
0 0.155278 0.538984 0.042963 0.023385
0 0.101713 0.524219 0.045833 0.024688
0 0.090324 0.468724 0.042130 0.023698
0 0.126898 0.465599 0.043241 0.025781
0 0.567639 0.573568 0.037500 0.021510
0 0.560139 0.542526 0.033796 0.019323
0 0.475093 0.595130 0.035185 0.021615
0 0.345509 0.612448 0.048426 0.027083
0 0.127685 0.583984 0.039815 0.021823
