0 0.490231 0.370000 0.049537 0.030104
0 0.790093 0.359714 0.053889 0.033490
0 0.870602 0.611641 0.049352 0.027656
0 0.716250 0.811198 0.042870 0.026354
0 0.418889 0.749896 0.043333 0.022708
0 0.679167 0.343255 0.051852 0.028594
0 0.650278 0.242865 0.049630 0.030104
0 0.542083 0.531615 0.048611 0.027500
0 0.106111 0.457370 0.049815 0.027135
0 0.613565 0.220521 0.049907 0.030938
0 0.558194 0.349401 0.054167 0.033698
0 0.372269 0.399740 0.059722 0.034167
0 0.600231 0.728620 0.050463 0.029531
0 0.399815 0.735755 0.032778 0.018177
0 0.860093 0.297839 0.042407 0.028281
0 0.201204 0.499115 0.043889 0.025104
0 0.322361 0.740052 0.030833 0.017604
0 0.374352 0.555938 0.057222 0.034375
0 0.793380 0.877474 0.040648 0.022448
0 0.746389 0.676901 0.047407 0.025677
2 0.482176 0.692500 0.052685 0.029896
0 0.377315 0.747474 0.030000 0.018177
0 0.858056 0.796510 0.049259 0.027813
0 0.274167 0.270573 0.047407 0.028229
0 0.493519 0.494427 0.047963 0.026979
0 0.313472 0.404948 0.056389 0.032083
0 0.254954 0.400521 0.058611 0.033333
